26219
4330
43435
4789
29679
38954
21033
8118
29273
33728
47199
9470
23691
41061
29259
26004
28018
37324
39712
10538
9452
2580
6284
21238
2567
9924
17892
13017
20673
6326
37316
9137
37715
42442
13788
13393
8776
16338
3830
13044
7641
26911
21909
25294
17973
27883
40593
11861
18241
9616
28630
22338
26525
24404
1869
23922
10590
41618
19927
45875
4202
21957
37323
42248
2908
23153
5042
9785
4841
23348
1471
17661
4589
44900
34846
14377
14270
9620
2926
35435
5089
1079
26969
42241
18919
24895
27753
29368
3536
10405
23307
5282
12467
41607
17127
2271
34357
9976
37527
10594
4652
23194
7850
9006
15413
48774
40217
26159
6110
13582
49409
2950
28061
18159
7907
29028
9021
48325
45145
7009
23354
11438
48273
43467
26454
42732
4272
5800
20709
3144
15136
5701
36976
25019
45411
2574
6772
41284
31578
14624
24799
20202
38640
7263
36659
5891
2902
23299
4842
23097
17149
3144
8828
21905
31172
9572
6169
2955
7576
9452
45312
36424
34034
37869
19993
7381
13650
7357
4845
12937
37713
22995
28065
16983
16815
5494
27039
45480
19224
36571
42123
46701
5986
2622
14650
47799
34069
21367
3247
48951
15353
49791
5357
22900
14073
37390
6335
44296
21853
19380
45138
15994
2314
2746
5835
6108
5345
3939
8644
27067
17325
42598
22936
3095
7067
8820
7721
17790
20141
37865
14236
25201
14923
4563
15678
38121
5706
8177
13095
44129
6618
36638
31539
9279
18745
10761
17320
5241
26732
10399
46550
2405
9741
45862
4050
20311
2811
32419
11509
2558
5736
13603
11586
23494
38117
4274
11538
9813
34352
26578
8388
45389
40108
14273
39178
48081
26000
25309
13475
5217
34836
48271
19772
36701
27012
2991
19366
17960
14904
49345
8291
5842
1272
25774
32206
32479
40449
26685
12592
26544
30769
25444
25264
7221
23202
36345
6460
17914
18589
47100
29808
13130
24990
26986
2182
19452
40393
30783
39678
6768
43541
10335
38375
9858
7476
30242
46039
19126
40069
24929
23637
11651
32233
46044
5680
37804
17611
48200
31708
12449
8471
27312
25546
24725
8600
3588
49977
37124
25950
5845
45305
36939
10001
26774
47101
20101
3939
43204
22617
9847
30724
1567
30283
34091
9486
14327
21841
7442
10917
26881
6178
12977
9159
44361
48563
9202
28710
11032
36234
9506
4187
5608
28271
9201
14722
34853
2219
43898
2389
4567
40975
13519
1513
2451
6550
17001
3581
35925
10257
49720
5914
2652
46986
19286
10378
38076
35828
12493
22127
11430
2703
5653
4578
3607
14894
17811
38519
34058
5109
8917
30758
8620
31687
3929
8480
13432
22588
33142
34761
1819
3113
20477
6576
38105
4972
33683
36859
1985
17000
21278
24087
1135
2973
47852
34744
15616
17862
16757
8954
10669
46615
22653
17742
47463
3838
3317
35646
10395
45871
3145
29154
20211
22418
3546
3949
27562
12562
32479
22615
46000
10313
20032
37541
9297
2184
42443
16010
8422
2673
22565
39975
6376
1739
27918
40569
42582
5824
36513
29604
35793
14131
9680
39858
18930
39679
5917
23275
23165
22033
2847
26237
29880
35927
11378
2850
41264
35657
8394
43640
10576
14949
16160
2099
23401
13013
19017
34884
15921
16256
27822
42206
49251
7553
40285
20728
38812
48250
15513
20793
12241
23915
25373
11211
42263
3650
8201
41168
33961
27198
25788
40439
35195
27433
6591
29812
46187
14032
10099
30392
37907
29782
45106
46027
28000
35505
34568
4666
9936
23985
35127
2307
13575
1161
30407
40222
10889
9756
46807
42923
42328
12809
9730
39827
22662
7445
43239
32588
24458
28221
17119
26033
33731
8349
4823
31761
42256
11288
15880
18301
23609
1913
46512
44161
24004
28613
48867
40954
4269
27924
6280
20721
32762
25820
30076
21197
30403
28715
23861
8795
10515
8180
30034
3627
12911
32686
35516
48535
19574
28382
28333
25717
9232
43461
24352
9095
15037
4431
10452
44858
7825
12978
49092
38875
9416
24480
30365
1266
21357
9925
19695
46872
9312
13035
9603
3548
11061
32898
14041
36066
18698
18731
10956
9692
9718
29861
37463
35109
1990
38147
16030
33624
42757
25251
3072
4620
4506
37125
8143
32424
15680
6231
7291
7311
5026
18308
37875
36744
44583
15480
19397
19356
44077
29787
40939
35807
48756
7723
8347
18961
6020
21243
40448
21335
45366
40973
32006
24663
2636
39227
27114
6308
31202
11453
1920
31207
11373
22425
25318
46402
16169
16040
14078
40063
25851
38710
7534
5248
34678
18194
7656
7197
38417
15376
7596
22992
12609
12802
9638
45567
42147
37293
4075
14464
9103
34928
3613
11014
13503
10446
6955
26491
33937
2177
31005
7812
29043
4678
26060
3174
14811
19866
39145
38196
40315
17709
21559
10986
37388
13257
41950
12112
5818
6756
10302
7593
9952
18779
12628
2691
23525
8556
47148
23015
24884
12743
41020
33879
9462
8085
1743
31866
44102
5065
15692
3897
15317
15160
40316
41578
16863
37645
34640
37818
12161
26726
26113
11757
17190
1517
14852
46282
4342
35374
5825
5622
8037
36731
23007
3399
31913
19891
22597
16371
36834
7196
18078
13468
39520
29050
6236
9973
5517
9660
2197
2717
38630
34497
14608
1265
39954
31999
12682
28037
44876
22603
6066
33252
21580
2002
38352
15503
15458
20177
41358
34833
48171
15017
8935
4394
49746
48692
34508
34177
44337
30880
39665
33865
15639
29628
44799
24410
8100
10434
17627
4446
11510
12599
10986
2272
34811
15925
28964
13060
1395
12788
5663
8777
27291
19889
18482
6292
11874
10121
29423
10694
6976
3733
37061
38458
23109
29188
1113
14870
10945
49191
6263
32981
1086
18583
1681
1386
6683
36881
8175
4429
10328
8812
40011
42701
23813
