36412
16101
4592
15173
44003
38932
5646
21999
21865
3294
20848
27890
19840
3465
32020
45052
45578
26337
18036
23510
36941
22370
22623
27072
8079
8133
48596
6240
43989
1302
13640
35282
23949
2565
2639
48632
8348
32770
3964
24839
8506
14314
18291
32403
35083
24633
37037
38296
9602
7858
2885
29273
16457
49953
5648
48448
8585
10274
13290
22473
9777
47719
19333
16067
33225
26596
6370
15598
33217
36865
8478
13609
8582
26526
16230
18136
12133
22067
42747
21311
32391
48790
32719
2000
8366
4871
9161
45301
13713
24573
23789
26860
2905
2754
32474
19143
4691
14264
17785
9854
43685
37363
28259
6222
24234
20595
3258
31813
1148
34069
47867
49872
25325
20227
29369
6801
14031
49156
7687
10615
43370
20467
34994
27808
22899
16578
13054
11670
5232
3795
8134
3353
33220
46295
1288
7833
39639
3643
10191
2688
6814
27722
46655
11922
6320
10977
45538
6550
26362
42827
44465
14864
2127
27601
8736
47369
21984
23820
41507
25029
46536
4543
29430
12936
17244
14064
8385
17851
41934
48253
13316
5504
28263
9712
32285
48683
48817
46388
28159
9934
18122
23224
39948
8735
30010
17313
23302
17177
5809
15157
42941
31647
47525
24384
30700
47950
15424
36303
11621
2212
30341
35975
16587
47381
4374
4427
7015
10023
15849
36690
11602
3651
5264
3057
1257
47794
22010
46603
2273
6519
28755
25478
16831
35364
25823
1155
27586
16262
34511
2214
8928
5651
26999
42520
49957
21923
5119
26220
1780
12011
28406
35450
35061
33799
8832
9305
2788
2499
4104
14183
1286
28289
26293
32068
31860
33886
5313
32409
38032
12747
1325
10980
8712
37829
29547
47026
9013
4770
9542
48228
25389
3256
39857
42595
6450
8441
21380
11707
48530
29764
4402
31168
2053
18509
6953
2812
33078
3903
23812
45823
48462
4811
16108
19965
24921
48296
8455
36003
20263
5116
43364
21957
20010
13484
48677
15737
13967
14978
9482
20020
3438
37776
6259
27114
38370
4686
8103
48513
7763
28566
14583
3783
11822
25617
29332
6844
12097
2011
15156
15424
46585
14481
23358
7678
47822
5075
39879
20328
30582
49626
4823
6808
35658
48335
12553
39637
29162
14382
9959
34290
8052
13449
16335
9732
20355
4023
7089
22229
9142
10346
1416
8551
39359
6539
46533
9749
2368
4784
40674
41473
44028
27500
42478
34570
14325
4233
29548
39218
8098
31018
14164
27922
18969
3997
26877
27497
1459
8505
26403
25022
7245
12060
27335
40633
9531
43269
45666
35353
24080
12681
32433
9469
7422
4938
44328
17916
20326
20263
4782
21890
4808
1881
44585
27876
12936
28958
48665
49051
7626
4498
12705
43891
7299
13324
32967
48158
39241
6965
12689
3930
9708
2171
48866
6893
24577
7246
44177
26168
37980
38058
43403
49997
2547
36660
48335
15880
16853
26758
14126
34762
17812
7660
2489
17055
1772
17770
30713
37596
15842
46436
27856
30933
16349
36938
27143
38033
6976
8585
27708
2890
16118
4854
47164
44128
6371
23414
21396
18843
35163
4684
14722
12273
40808
29046
45367
49707
6602
24736
10720
31155
31085
22745
20801
2392
27229
13926
9584
26540
18078
44776
23041
2209
38650
24488
3200
17059
4381
44764
4231
1229
5128
6917
8149
42995
37482
17394
10738
21235
29605
2668
44005
2846
6501
42156
22773
13294
21040
49537
10388
24482
44220
11783
48969
37954
29881
1124
41804
4550
47878
32711
36053
46120
27619
34153
29912
16386
31255
11338
3799
14541
24664
1232
3212
35952
19307
4563
24325
44414
36524
42751
45777
9716
20084
5032
16166
22204
13480
46695
6323
19291
42390
14108
29130
3370
8956
43773
26750
42070
42150
35799
28314
2881
25854
1428
8511
21016
9464
4189
8872
49538
31153
11480
43700
9970
25058
47979
8542
5973
17065
25003
2533
30205
18413
35740
4943
4703
19660
30154
15963
10105
33705
32842
12657
10785
7540
1619
38136
3463
35276
9214
4084
21409
41712
29579
22749
26771
25612
9299
26634
3809
32109
19189
4099
27972
9125
45151
6641
33598
5346
24650
29425
8249
34100
31107
4442
24372
20991
42699
14559
25728
10666
41095
49396
38311
17175
9642
42594
12639
4714
7822
5129
5312
9263
2523
21399
21929
8256
29987
16784
42088
31799
1023
15012
43307
18404
1757
9698
18854
14734
2796
16498
10184
8688
1332
11694
1513
48379
29161
39845
19808
1925
17265
10599
27072
24711
1910
7593
20291
13737
14515
9132
3590
2723
36846
15900
2887
18846
28443
24232
47302
3917
19118
42028
40240
20941
9324
8312
6428
13122
34305
1926
39016
24248
47541
4646
6355
9412
5837
49830
12618
38299
18789
10446
5178
49300
18082
30336
13120
31709
6456
32147
38777
13247
2975
19681
44205
3321
20874
18094
49209
23957
22931
23081
34764
5181
29490
4131
14728
1078
26414
10334
9199
24831
18636
36005
4473
9308
3613
46479
36411
32135
5613
17846
23383
29286
11964
24540
15354
19913
8928
20445
34837
5336
22194
18019
44667
35598
4518
26342
31770
28653
41459
3577
9105
3124
12723
5748
7526
17530
3066
49746
12820
49613
5524
44768
9373
42367
10856
36155
28953
49425
13674
9999
17295
2852
6960
29077
25186
15840
20852
46882
2637
18534
40579
34890
34262
2526
7557
15855
2090
18581
25062
10992
2667
45647
19481
14046
41490
8193
21749
13400
34745
25394
19413
2783
7269
33125
47444
8723
9695
1890
20863
47477
24943
4511
36548
39501
36046
48971
4359
7649
46165
5069
7858
28741
45856
27438
5050
8030
5578
46481
15294
12306
42513
11831
47834
12013
42199
19503
49773
31971
7045
43766
14159
29101
5400
24153
13343
4248
9557
10347
4006
37713
22019
7818
49340
8095
4199
2671
5342
38519
3508
18118
33450
13491
27585
39487
47675
43918
44793
3799
1325
9257
28271
1128
36733
12243
4137
20159
8789
3965
13943
6899
3515
41900
4483
24149
8939
8957
28073
22669
37745
47002
19564
43320
13835
19318
8787
43892
6569
2997
10897
5021
41335
11268
4491
22063
28915
20783
8717
1163
24613
9878
16984
8329
45511
28740
13378
23485
23633
4296
3878
40880
38509
38144
43490
5312
16225
15715
6515
37086
36747
28556
24841
23654
14754
12195
9779
6154
39543
7158
1126
45712
7711
5727
48559
4687
4772
8739
19268
26676
14495
29643
7935
47576
46869
45652
34892
11584
9710
17716
35915
6872
5988
36349
9189
10797
8417
2269
3824
8525
36665
27772
46311
32624
8576
26789
28130
27851
16630
28819
3004
12576
7925
29513
6058
12813
29500
31276
34724
33491
42207
17969
27608
9961
22631
19675
19198
32427
34239
9094
22180
23768
16299
19053
3598
48010
19014
4960
49350
4054
38620
19383
49073
36765
25419
6321
35857
23582
29690
46474
9224
29480
38032
23394
14464
26207
13299
34056
42124
9200
42444
33961
8687
44609
8508
23146
33113
25371
26227
9326
37660
47726
42167
2578
11025
32918
38156
43825
7611
12507
9460
9762
6744
44575
11514
16177
14365
45505
34325
25304
44081
3383
19403
49203
4947
39269
36103
1286
23043
40666
47022
13915
43453
39022
7740
22827
7171
21426
45722
45043
18935
37667
5179
4556
13565
17208
5006
12590
40569
4059
24115
35153
2576
45267
6147
26866
18440
21589
14803
18922
26335
28107
21211
14720
8440
23473
9190
18648
21871
41781
12615
46977
3311
13724
15936
23682
11653
20776
17778
10372
28470
27545
4273
16526
48440
21649
3866
25257
46025
12930
6497
45284
26531
25628
13385
1813
7167
29165
3411
9105
22128
16821
7197
6004
5041
12441
34190
5489
9841
8957
40541
4185
44421
36695
42415
20725
23241
5902
1049
9459
4148
18034
2412
11143
20086
34514
28303
10943
29327
9863
22315
20347
32906
44819
6700
6876
25305
35213
14433
5086
28753
5837
47049
5554
14560
1844
13533
6248
8416
24020
16221
30149
31885
9315
9650
22524
13027
15621
44558
21414
4601
33629
44937
48542
7715
34441
43088
27083
2815
36453
29422
3434
2587
48821
2190
31277
19877
33796
4791
24345
24449
48400
3567
45705
4545
4169
8855
21839
42592
18401
17562
4954
47228
29510
48413
36764
25002
42297
46193
49443
23172
38014
24291
5096
8599
19122
21249
35322
18003
7577
9537
23061
21333
1370
34934
7955
33625
39796
30914
6051
21968
1376
27029
47115
44464
7912
32703
4096
17812
9767
23045
18115
5265
14355
9529
30998
48088
7782
9401
40200
12172
27563
3787
22525
42263
30712
3459
49487
1442
5541
27472
25096
23850
43358
49928
30506
36945
12598
38322
44629
34789
6212
27352
16033
21873
19233
14145
43479
9298
8567
18719
1566
8942
10377
35127
21517
38534
20305
11224
39816
8155
33375
41643
1080
25025
20132
9762
4146
6471
30863
2813
18654
44180
12506
42429
9986
20948
34600
6453
9135
12090
42840
9207
24266
32616
42377
5025
39746
2101
46566
49131
6452
27518
14420
5886
32310
4759
21448
7904
2674
8639
4044
10134
12216
18635
23618
5069
9699
16852
43314
19091
27304
14175
36925
11665
1023
4305
28281
17128
16830
25186
16894
48671
15745
40625
5806
40469
30358
1260
10854
6166
6524
16637
8337
6656
10038
42394
1810
2130
5627
7860
21172
4430
33006
9282
14320
4523
2243
22970
18777
23523
3079
14162
19350
29132
26334
5913
7563
7670
25792
47975
32747
36564
34150
15303
20329
9563
22172
9748
40856
48491
47075
29851
21937
8797
12552
12999
4003
4158
32152
14737
48499
36803
5900
19369
37009
9347
13122
14291
11201
28740
4529
4523
20408
29908
38476
4575
44601
23676
35504
22088
24560
30120
24618
6895
38155
14478
27547
24502
3584
8773
2706
42415
1214
11824
11937
9231
3946
26555
4850
24766
9281
47614
18251
49824
23473
5363
3967
31493
18488
36367
32931
15442
37815
39447
21491
9217
14119
49027
34133
10599
37674
39631
6369
2922
24797
49677
27778
15754
29793
48870
22096
26350
5355
13671
11884
49468
2127
21689
6385
39241
5802
33941
9319
1845
3769
29435
29883
17873
44243
6942
30788
9334
7315
5063
34209
28048
31993
1759
10483
29001
22892
38418
43190
36464
48604
43292
47710
2857
42933
24350
17487
3640
48086
18475
39806
11250
39231
21798
28646
8099
31895
48671
27842
35654
6282
28949
20106
38937
5038
48680
13722
9248
5729
24982
29922
6622
1150
42237
2655
34484
3313
7772
35027
36479
23874
40534
3631
18387
34685
11188
28599
30119
12279
30284
42859
15073
23700
48478
11551
25453
3035
5133
13688
46981
24315
1205
17600
29846
2763
4825
6627
15897
18094
6438
15053
46877
49034
9969
23292
23577
28792
32224
10955
35034
25213
5859
10731
36112
3745
11636
49686
15320
9864
9674
30826
6574
19388
7583
9658
10949
10716
11462
12219
6149
44079
12873
21997
16514
3770
36060
29669
46386
19861
25045
12863
10176
35042
38316
12671
4393
3917
5053
19149
44367
9311
8131
11650
23472
4495
10378
12552
31996
1554
46095
46028
11394
20724
1695
40777
32489
16621
2460
7637
13130
19818
10795
33316
15078
33396
4427
25240
1184
43140
1393
15931
25160
35902
14041
11804
49076
21524
14953
6982
27914
31888
3329
7689
1403
26162
4678
4561
7965
24123
46359
22696
49658
8474
7820
46234
24525
22191
8504
6868
20713
11054
40912
8280
6981
12403
12430
16477
18876
47357
48291
27750
17685
5163
38690
30254
16028
26982
3859
8425
22891
32353
30176
21288
26733
49524
7445
25990
8992
46970
14838
7621
25817
2644
45443
27278
28653
2062
29238
37105
10492
11732
8673
5762
20498
37587
6170
5237
20456
35117
14362
37130
4997
34353
41533
12278
23136
7982
22981
28061
2655
45819
6298
46037
6693
5590
3123
9297
44076
29210
47809
12652
45101
42008
20045
6640
22800
3190
5651
1091
5272
26100
6417
45766
14606
5928
38774
33569
2308
25648
44840
49396
5764
48310
31079
39898
26908
33048
42088
3453
21601
18989
21146
24357
9106
6483
45755
5935
9903
13291
11846
44780
38055
26310
22522
39839
35119
46442
27841
41850
20848
28406
38366
3157
8609
2342
47300
20902
12799
19934
21949
9579
4954
30528
36987
38566
30535
28843
28669
31293
11797
19139
13950
35318
6626
39473
20787
23494
24738
27968
12810
39107
39017
46303
22804
37407
12772
29119
14432
25961
31538
4788
26990
6648
4787
47433
29317
43633
14415
7026
7802
20524
7602
37670
34550
41786
45700
5175
25924
34763
29908
30210
18308
7831
18674
14239
25858
12188
10046
14930
17728
26989
38196
8308
12357
6900
23567
48271
41247
31239
19345
48786
39045
2957
38715
24096
7958
8532
1822
18592
33914
8160
2269
1557
29693
3522
7763
11124
2493
8699
27041
7925
29827
17728
12239
8594
39036
9730
3403
25372
31735
38561
34773
39493
18731
6488
41554
22081
22805
28783
23715
39675
1632
8389
34379
9446
14021
32943
47784
48780
19675
5294
1648
10756
31191
3491
35802
1003
49154
1554
10257
35329
24171
11021
24134
8725
14675
48965
4109
36008
20594
46591
19873
43831
4590
40926
38731
31634
29114
11067
18728
16877
6311
42647
5113
31073
38219
1793
5678
24903
6624
23258
3630
4026
33314
23981
47498
46874
2303
36676
14130
20796
21032
9282
9387
23237
48705
47509
28560
28954
45155
28515
5446
7642
13978
40447
39743
7357
41219
20979
22917
27904
21539
45517
37159
12111
25857
37016
9303
31353
1829
26683
7178
4833
14014
4351
43561
48185
24674
21781
30857
24342
46712
27510
37805
20159
7532
1841
10681
32681
8951
15726
19071
12068
1741
6458
27395
9532
39062
25570
6543
19224
7338
1697
38158
42667
37513
11549
7231
45323
38125
7508
20220
1421
49915
1165
47745
20455
26053
1636
6294
22234
30450
9257
38592
44735
3823
36399
3554
1702
45049
34349
3684
12900
12570
7233
21697
3283
24167
7242
30834
17866
3686
36672
35325
7207
3463
16139
3133
45741
17446
14955
1567
33932
47615
20237
39646
45701
7569
16393
14778
25800
44781
2440
24918
40141
5234
32789
4916
16928
38513
28876
24826
36271
36923
29756
11921
3216
34397
9036
31806
23879
7311
26848
2152
16800
7410
5190
29855
31760
20492
12514
9407
49646
2529
9734
4675
22819
40363
10864
10436
19574
2462
20847
26053
3061
28170
36348
9723
6846
12121
44940
49326
10436
13856
20778
42152
45312
41883
13276
45251
45885
33084
15849
46686
22997
36996
17626
10548
14487
46160
24631
16447
38137
26893
15956
31669
48675
38357
3509
33493
28376
23929
1683
4443
5257
49552
28080
20827
10726
37909
6352
38330
45277
12377
7383
6498
19659
5247
5088
15531
18560
21985
24160
38340
8468
49968
38352
31497
39442
1304
33836
8452
21196
5373
31978
29171
24797
42815
19410
42376
40256
7513
38322
15407
13072
18024
10180
35876
12185
5906
12314
39431
9693
23588
22479
42974
20883
8491
33853
4299
9056
1830
5862
5449
15545
6270
34402
10246
15803
37660
9756
12511
34949
11712
37962
26733
6868
27508
9024
23020
6639
32777
40710
5022
7417
7666
21878
18609
15836
46982
27583
35925
38570
15032
42755
38500
13183
14842
1010
10009
35814
44665
41840
48529
46647
13246
34386
3059
3249
25252
15033
17779
7963
15982
29334
12587
12883
20223
32656
20698
10786
21151
2778
15373
15702
14556
18682
28669
29002
44150
3688
17533
5787
24222
8304
36517
15599
40834
8268
36921
23176
4437
24010
42900
22346
19353
8867
18269
46997
6543
44117
6435
48309
46555
46539
3727
13800
41343
15803
40759
17851
30940
14126
21116
42908
22029
8081
9753
42586
23028
44137
5855
42314
49155
30918
5719
32247
2663
1119
9031
45872
4620
39103
12829
11397
47548
4353
49534
28764
21208
17939
36981
30775
32342
46518
4517
37890
44795
31788
43727
42870
2523
22995
1601
48317
8697
49285
1014
27312
25902
1069
6114
10284
15113
25805
12015
6071
24064
6091
6335
45160
9810
20952
5812
4576
11331
2778
37016
14724
46334
34741
21641
3419
16467
8549
15702
2511
3090
10803
6806
29532
1351
9082
49906
39122
16542
1788
41307
15547
41275
4126
15914
1774
18167
3987
27203
46071
2403
7263
49211
17576
33743
48064
14345
40217
39528
7229
47255
16056
6069
47276
27188
8030
14251
21973
11237
31012
28419
2722
7754
2327
6241
4378
28242
44824
5447
10288
20460
46379
24089
28752
25097
2060
32584
40939
33905
30641
26824
33543
5745
24524
18477
42093
15244
28907
23704
3090
9709
1121
23162
23614
44256
1810
8960
37684
32814
41317
22205
5578
42404
30564
3628
44555
8975
2158
28514
42133
2196
4077
4094
16691
3401
28055
10578
27420
3921
29054
30238
20079
11770
23510
23930
10771
19624
24479
23590
1227
6009
7576
22837
48284
49001
23636
10009
3010
35890
48057
29673
32762
1028
21046
15537
10639
12839
36694
16768
4201
43612
25427
29365
16037
8044
15942
49364
31583
17546
28992
29782
6030
25386
30455
9442
3353
8478
6595
21610
18177
9274
5022
4241
45425
46731
20817
3468
27757
46725
44806
38374
26799
29339
3612
17837
11657
22865
25319
32277
28782
16711
30453
6092
38630
22444
20303
37639
15142
1674
24529
18366
6734
5437
47560
16611
6899
26790
2075
9468
1179
13460
9091
49267
14024
23323
38588
3293
36179
29450
8793
36234
4192
1270
9516
1771
9816
42208
27359
22308
24983
5832
9673
26025
5208
7218
44317
44059
37310
21985
11586
17543
24816
29003
6531
11841
12743
47500
24180
36876
16430
7117
28600
43506
2864
28723
47397
14883
13227
18579
3853
16610
6591
20238
29214
49681
11438
1803
40691
37466
1162
17446
26142
6983
30751
21385
23693
17504
19664
16469
34128
6890
18127
24486
19526
44785
22134
4924
33035
49947
35366
20478
3819
20867
4405
28458
5707
24418
32894
44591
47160
14416
22021
18214
20121
47330
39408
6782
32995
27415
39718
8600
18387
14444
17931
2996
14976
15372
46142
12012
23995
46298
1667
11454
15961
19526
26235
38832
9136
49682
38217
2212
43940
3484
15128
49792
30386
6517
12490
15699
28070
10777
37726
47287
1184
4933
9360
5323
11066
30363
3745
6196
3415
14630
47034
28887
9451
4886
7200
48994
34144
44979
25120
43118
32443
3025
26798
31677
26900
14345
41159
42279
34852
28419
43994
29999
6514
17189
9270
8600
1302
3304
37886
15088
36063
12633
34214
3719
15634
2899
32967
30990
7739
13213
20831
19138
26969
23790
2740
32047
7859
7445
9789
19801
22087
2880
5267
14516
41822
46515
38117
8961
1677
17458
46987
22048
11995
32474
4058
20701
12483
15730
8509
5909
34892
10124
13605
23186
34592
1456
19506
11528
18105
3574
17357
28996
2017
2684
23765
14519
19787
9771
21337
29963
37335
35373
25964
24184
27927
4356
14923
5072
16685
4181
26378
5569
16974
21626
13762
11440
24549
2453
40582
27593
15753
32102
40904
15519
49794
13926
25669
43510
39724
19931
30583
15437
5127
9465
7266
7057
1418
45298
18806
2999
7400
14290
20144
4326
11661
30834
27065
48758
2595
22069
13895
2157
37147
25702
2048
25251
8079
2285
33960
8284
1252
26094
14339
4254
20795
29169
43438
44756
38580
32287
48441
35612
10607
43123
11927
28060
36056
18262
1141
20274
23215
25313
44305
27914
21986
24698
22205
11844
14839
14906
42532
39067
41469
25661
21992
27139
39835
30679
9436
7896
21094
13937
2694
44848
43339
15465
4306
43018
35889
42635
43979
41160
43481
35854
36737
5791
44504
32355
16749
49812
40195
2386
33343
6756
12580
25939
12726
7897
25989
6837
34180
20898
35514
12168
10584
38298
45469
4344
11351
45224
17696
4610
3255
29677
34795
34819
31079
2844
27992
40153
27589
18466
21330
8317
6855
10742
5735
1886
42668
13197
47052
44281
32181
37952
35578
13864
32019
4872
22430
6427
24207
47423
41397
9165
10589
10876
4125
25147
19329
6830
38113
12357
26053
5789
22777
28721
23570
6082
26179
30792
10505
21857
31012
10036
41032
3124
45356
35854
2284
40346
2985
43452
5568
27540
48781
9662
36510
8086
15733
25620
1261
43359
4170
26865
47619
42370
13887
4889
15542
10092
37779
29698
38138
19528
42341
11804
7480
8348
41444
17315
3137
39351
17563
3184
26225
4682
8344
17021
15853
22814
22852
5154
39642
4731
21812
7131
35130
25755
27764
25368
9485
22999
29814
38800
49209
18336
48829
38093
27477
15483
9619
2735
38570
6556
35129
47998
32305
37898
34869
49533
46181
2112
24958
23235
15069
42414
16590
23633
2313
14852
34294
49272
18392
39816
2493
7322
32032
23379
6146
48202
6101
45749
17769
3248
6262
15880
38165
13791
12835
2228
19553
14017
22668
18049
3905
30397
16983
22775
45297
29234
4251
9683
6280
2208
17212
18851
19345
11241
3844
33568
10957
32462
10162
6055
3108
46125
16064
8826
30454
6223
24050
11671
37528
31609
3607
34038
7156
5947
9277
37596
16020
28143
2548
30622
31093
36131
24963
24559
36654
47372
1639
17092
49153
9995
31266
6523
45031
35974
42543
25548
11128
47650
33335
36174
19702
32114
3696
32221
6669
20891
40286
38585
7582
43614
18879
30836
1685
11583
12871
20883
29206
15290
14366
6003
43232
3416
17541
49313
26235
20894
22645
35467
26866
45670
19740
41424
5608
8998
32304
12361
1719
30849
22135
19052
12123
13261
5226
5871
26160
22433
11126
7879
32568
49921
5407
10995
14550
9709
45142
38202
32608
36300
10110
44921
2393
36366
21650
34308
15929
21284
25457
6555
13488
6770
13547
22092
40236
35823
49694
3121
8648
31769
33913
21490
3042
7456
44966
1374
3060
36095
19693
3765
47460
34051
21326
7801
11785
14469
2041
34037
17860
28508
13716
1429
49882
9690
7844
5737
1233
5643
46017
2461
13777
1794
38589
1204
8445
16873
28813
18378
8024
2294
13981
4735
24793
18635
35121
28807
20712
41194
17033
43732
13707
14692
2428
41710
41195
12385
6924
3043
30841
2258
29334
9392
5658
48676
15101
15428
9414
9968
3922
14795
11790
3874
43135
47198
22808
18107
11699
10628
21975
36109
10501
41828
9333
2793
5495
7180
36082
22891
8005
24829
36042
15712
18802
20181
28461
32168
8687
6798
42255
45454
44514
22686
15696
48498
2624
42569
6145
10849
7602
24227
13339
46133
14962
1806
1848
13169
25707
1006
19704
23531
27628
11407
43254
22345
20391
24188
14918
15849
14904
27307
3320
26067
32067
19778
24847
3423
17557
6581
3231
49703
7227
13792
48910
38836
11904
38419
5568
33640
17546
19809
7713
4236
27740
7678
7336
15164
40411
2230
47174
36761
24439
4091
48531
11167
8605
27830
14445
41372
7720
44725
9402
28018
4868
36744
47640
48572
20080
25682
20723
25481
8793
10702
31701
28293
21241
1319
7294
13129
4089
18232
46411
14311
13266
28833
26299
39859
25849
24563
7135
15515
31991
26268
47045
16707
10974
1394
30639
14544
3116
26624
19745
18934
7436
4123
11503
43148
34452
7162
17760
9756
19778
16176
2294
41135
38322
35857
24387
41022
7323
48799
48514
8237
14879
19817
31917
39563
9018
15037
31803
29387
20180
32889
24859
1597
4836
37685
22062
23228
41620
18173
42817
2993
47955
36388
32407
8512
49034
5925
8719
36689
13977
27150
18667
3690
16334
1222
8146
44429
10801
19885
35578
1040
5999
18979
6119
14668
42718
5644
6689
13237
46983
4194
24560
17032
45845
14297
1948
6889
19620
3608
31583
15261
13702
9651
11525
47035
18752
3402
10512
10068
6365
49201
19694
42405
11864
1651
30141
43081
2062
30034
2194
19148
6656
24091
12932
28331
12302
7446
18604
9878
4264
20687
31896
28159
4707
18398
16294
1602
42795
27229
23225
3164
23534
16949
15148
8214
7735
24123
23358
1530
17764
39176
9257
5224
11950
18674
28199
18795
23036
26818
24529
42689
6128
35230
1406
15671
22028
46436
31962
1540
15344
29924
7989
29013
25771
11561
16690
26550
2077
11213
44860
30474
49463
17952
41872
22864
20022
18799
1474
31644
31749
22665
14067
38263
3579
32607
31637
7354
17921
40910
9560
27170
35209
28727
30202
38968
47567
12825
2815
34459
37943
11115
26939
42286
2244
47526
3288
35594
16452
43501
1934
9853
35970
45671
5196
6902
23591
20678
35251
15413
23739
33180
42108
39091
23581
11000
21357
42754
9922
30004
7057
10203
29486
21314
2790
15952
29716
5344
7743
40163
9919
6657
49814
2205
16015
34999
13326
21766
44794
31455
8351
2493
2186
9559
3599
28852
23876
5042
39821
13657
37485
20600
4933
29783
10071
11057
29908
45475
24462
23805
9567
2653
45740
16983
13135
44559
11881
10375
4093
2848
2107
10583
4875
38680
38287
28062
3166
48854
40006
14046
13855
15073
18967
9333
2296
7356
6846
24863
9465
21810
21024
6202
26176
21946
25472
16489
1133
18040
25066
35737
36745
16130
3241
34585
1475
39829
47261
31327
40065
28177
5798
3047
32083
8774
45885
26326
27492
49580
3529
47902
21186
26633
17094
3214
37015
43484
31630
11852
31248
19067
47144
23717
43081
22859
3198
6700
5796
16618
9149
29034
17714
6511
4572
47622
27787
4171
3844
9371
48784
29473
30258
12558
9336
1016
5222
6881
24580
25576
40027
49308
32212
13969
13746
20886
49926
31734
38813
44897
8118
18250
28172
19962
4776
13062
48302
32144
4480
10230
2856
37544
1337
40948
7680
5026
4191
40020
2182
26489
9249
46623
26617
6171
13599
5224
41523
25259
21052
1891
23872
14527
31554
8062
1691
39226
2301
40786
2105
44501
18742
23724
48150
44385
6331
27288
11085
31242
36562
2054
4342
24256
31069
18981
24747
22311
29098
36596
33269
38305
11674
33220
3253
27631
14579
39228
46894
1093
9591
19574
3371
14270
7744
45108
20185
33329
2457
5067
23913
27421
5486
17908
12166
18751
3798
13409
30940
40892
15104
36816
4495
44929
32573
15287
4078
28478
28068
28117
36816
21099
5990
7602
8992
29180
5272
6053
38208
4471
1800
5013
2212
17193
46050
17695
8400
1342
37240
10120
8580
41439
8776
8835
3677
19084
13868
3755
15014
17196
6363
15370
38968
46218
3099
30476
16992
21755
7684
25457
19272
42190
37189
25302
4095
43840
33156
47329
39040
45802
2317
22875
10197
13959
1745
6501
5091
37794
26918
42585
25497
37917
42693
8258
4561
45955
24222
11451
28555
15296
15990
7257
2084
19714
17166
2800
31855
38125
14609
45502
21581
20134
38668
12271
40546
42285
23329
37835
23645
15272
45261
8948
3692
32020
34700
6476
29178
13062
8507
2433
16035
32943
9391
45286
47055
36514
40842
41116
30768
16656
6413
2190
12113
43977
17064
6959
47546
26598
33464
36058
16277
3495
6567
35076
39952
6579
23006
47091
47680
6480
9607
43873
15783
26976
31777
17701
14805
14127
42656
20489
44436
2394
30231
4150
6900
1233
6757
12413
4922
25937
23901
4757
4609
38798
12587
41458
30162
9282
34915
5722
44860
41862
39239
46234
33374
19472
40237
8878
23883
25084
39458
2090
36879
11250
45732
27797
20944
38955
2239
4444
34137
38378
42463
36079
18928
38186
22994
7691
28790
5988
12069
23041
30627
10033
29496
22859
31029
42864
1564
29577
3136
37537
27510
16398
26373
42623
32605
37036
33578
10032
12583
30306
6941
12611
28567
9347
36155
9913
13242
21522
18359
32545
21254
26029
44033
32049
39591
28645
31574
45948
29753
47742
23468
28645
39898
44830
24172
11971
34206
20550
33706
9590
36408
21732
17191
45206
26994
40053
6740
3624
3027
25250
28688
9029
33434
29706
38481
22153
24565
29507
31083
27638
47803
7822
1615
39665
30638
2087
17681
5405
15387
3172
37120
41793
3050
22330
44861
31366
15631
21736
46927
35686
2672
8273
24644
1290
11713
2233
42090
7312
25171
37404
5427
8750
39060
13500
12859
46688
1104
2121
7192
29544
26562
2646
42238
25546
15445
40454
30486
27064
9446
2151
48095
44457
25205
12702
39279
19643
21366
6835
2172
24408
12250
16769
44941
32094
22848
25557
19000
48041
49439
4594
34583
23500
36365
16875
30022
45353
12072
48652
21810
49723
49325
28232
27304
8007
32188
8910
4710
20183
1106
22972
22724
34349
40522
29176
8525
9733
28210
37224
4598
23302
31255
41303
18853
49453
27386
3978
27966
5972
39998
22487
39764
19286
22130
32118
42397
2436
5662
23666
31126
38745
18422
19168
1094
44636
34348
37560
6325
18566
44067
24421
3872
1153
2663
4782
6844
2906
30006
30688
26466
42656
28238
25829
10516
2062
27423
11104
17911
5452
9200
19090
9060
9215
5700
11230
20111
42806
45924
17091
6883
6779
22159
45162
7356
20976
7551
35236
17959
22512
6313
4501
33841
39877
15030
7213
19161
37403
27159
8729
6066
27432
9268
35702
48947
2123
4999
15061
28927
24307
44565
28122
29057
8270
4360
9061
2348
7370
3246
47975
13525
42502
2695
47646
5753
44454
9006
34869
9574
5233
16531
17032
11046
32834
31664
19891
40643
6459
26592
27474
45099
25136
3015
7397
7994
3890
9634
3922
42988
3413
43899
4487
20166
12079
37055
12158
4189
28027
38193
39847
4624
17869
37387
23281
5254
16189
2325
48595
20625
7347
22330
8134
17874
14625
8141
28565
8183
22210
40251
31272
9421
9703
6586
7506
33558
24936
7269
40502
4061
26834
27337
10191
6693
11941
5836
49564
18390
36356
4316
7804
40119
4354
25618
2945
34182
11702
2412
29170
9516
15585
13946
9375
43584
16453
29380
6554
10609
34902
16937
44083
26311
7427
33248
12049
28959
7064
49562
28654
16653
41126
10727
22979
20368
43367
8945
14329
4653
42640
9463
19737
29876
23066
22140
32363
44611
40168
15746
16990
13920
7842
42327
9609
15956
16627
26248
4047
25242
45557
36031
18729
49131
31596
30945
20334
12028
24852
46528
3862
36341
27482
40848
5144
38806
27510
45042
45435
26365
45112
23355
20797
19150
16378
39717
42755
1342
29198
33420
44224
39326
37006
25469
34475
9558
1446
16071
13969
8727
39673
3825
6444
27499
4706
42891
43414
43819
32292
24832
16460
9260
25058
44596
9469
23045
7852
21102
16509
14149
44423
3805
20798
17497
36551
42212
49239
44950
23579
44605
28973
39807
3414
41610
29489
18344
46865
7358
49116
39366
17773
15906
5640
6505
9059
14434
7093
26597
24680
14900
33645
19277
7742
6164
43946
24923
2047
41535
39678
29097
34879
3473
43463
44303
29853
32628
15232
2256
16634
34539
7090
47614
14357
17239
3262
27069
18009
9974
28349
33026
28939
15270
2855
8370
37205
39561
15657
11198
3657
11134
22770
27854
3786
47114
27580
31518
8745
20400
7816
4803
43029
45183
4865
36955
21210
36565
17064
26733
32751
24936
4651
33634
14071
44020
26490
8288
36192
19430
34990
27905
45972
30739
39551
11837
32908
33427
23749
9089
5183
29694
1113
24125
5924
17112
7320
4667
15180
39006
9544
38689
38289
3542
45548
39158
11059
37696
36107
44704
2629
12246
36513
14507
48907
6891
9093
19027
11321
16955
36852
28274
45274
38292
28654
32816
22425
18438
9698
7197
1072
16182
38128
6992
14070
47642
9898
27993
1513
22292
20385
10138
6559
40731
2725
3341
6059
44125
9006
45773
5326
22170
48670
12727
40361
7064
8142
15357
40261
35825
19043
33480
4716
8237
5503
35328
17636
16052
35522
34999
4584
36909
41798
3405
15170
6132
40013
15926
30734
11190
5468
48479
9431
32426
33072
5256
15578
41208
12964
8466
11640
3871
8393
45591
17238
38402
9192
13715
9612
4471
8058
16262
1287
5419
4075
21273
44707
16147
27513
25605
41589
1423
22896
7420
38077
20943
47273
1973
16800
29614
32104
45692
39115
40451
9614
24267
19141
43337
38069
10219
23361
38859
39852
49979
33798
16365
21924
3154
3227
26932
22258
33479
12705
35402
9252
1585
48559
9819
35887
7638
38402
19588
24752
33237
21374
41554
49079
31627
45259
30938
18716
20717
13411
42903
37815
18856
46095
17219
47871
2128
43996
9130
9981
5708
8418
10445
23508
1305
49089
16509
1474
28158
4045
40675
30207
3715
32292
36145
1878
34929
15494
20322
13789
40889
12379
47103
15609
3961
3902
4434
45671
20155
29195
5461
6104
15784
26714
10480
4464
28815
38909
41591
5013
13894
13190
38078
5108
8606
27958
25095
27772
18796
16226
26977
1676
35237
5024
45500
23983
42116
11757
13821
37742
34728
17092
6807
2655
3149
5483
28220
27702
25368
27012
20292
34902
3553
9575
48688
19206
10410
19324
25257
29151
11065
8345
38697
1856
23473
47154
1275
45031
17061
20249
15490
38807
27656
7386
11403
37889
16135
8453
19980
3953
5630
10883
21810
22489
15859
9104
1312
41057
4477
44237
23610
29923
15008
23970
17266
32858
33912
27920
22067
14400
38530
34394
14204
26720
13187
30807
4875
28896
49802
19217
2186
43215
13716
36259
35159
9730
20539
4803
5650
2285
44742
27898
31928
38253
28579
22985
1508
5189
9615
3897
37538
18369
20237
15572
26833
9361
42917
43577
5762
20571
32798
36027
21429
46503
39491
21649
8755
29824
25325
29039
18911
16033
4756
27409
37526
21031
14044
13123
7208
30494
45449
35483
39763
16984
44017
23621
4138
45512
8036
31824
37810
40247
2031
8921
26004
30569
39013
47828
45313
44662
43189
47943
1777
26047
2538
20283
15949
31147
29689
12073
19807
47380
26642
4860
10412
3087
7056
10153
9519
31675
22311
4859
24412
6840
49271
39158
49226
1956
47023
17170
41884
4209
16428
36049
32364
43576
36200
48058
10740
35775
2624
32738
2698
46081
15541
18921
11275
28138
20918
5207
2257
10127
26569
34936
9693
29965
1260
26488
20873
9496
21837
25325
10208
43691
5911
7939
44463
48243
37449
16689
35698
44895
6882
18562
10497
24327
33148
2290
4131
48113
28348
15989
46890
36823
6061
25493
12186
9971
49516
25703
20812
22682
41163
38676
20988
10672
43207
26348
5513
30520
6333
7450
34451
2190
36330
14935
28643
3225
40628
27474
5641
12236
30605
41615
9689
3161
29301
4861
9731
9094
17835
18717
5256
47685
33390
12039
25482
3317
21916
17646
19168
6527
15411
19523
18160
1523
22569
1757
25371
21250
5397
14334
3309
19204
46639
16709
3069
1288
14643
33687
14255
15132
17122
1249
16979
5820
4866
42620
35829
1241
13940
6494
23387
34378
27788
4981
2855
20344
31331
35129
30076
14055
44840
38073
46549
14535
7629
18605
48323
37964
2517
8823
1534
9502
46195
7060
42042
16047
16945
28646
34259
24573
27482
38459
6701
8179
20109
4676
25956
25337
45177
29255
19861
13466
16175
28082
9405
25145
12644
2378
45754
9081
25879
5868
13524
15426
2317
18952
21327
6680
31628
30388
1421
1008
9581
26177
7422
1828
18314
17371
29366
24324
22675
17110
11301
37365
20794
5448
35729
39967
38074
42509
13773
4605
42841
2449
3264
44449
21362
23097
13575
18124
4132
6732
18344
26142
3089
37844
27440
4826
40803
31488
5158
42809
16287
22215
3970
2908
26680
18353
18668
27528
10848
5848
17320
1371
47200
46677
6270
13732
39173
17068
7266
21503
3977
39162
13322
44382
8532
29971
48378
18043
11812
44051
2184
12535
4136
5011
3641
22011
38438
49829
15522
2091
7148
13490
44003
5634
42245
5409
20891
24796
9469
16520
25257
32514
21377
23393
15241
8477
5456
39275
35761
26424
1534
30666
9357
27658
31441
26865
17974
8026
8347
29125
19644
7485
10912
6558
23489
43668
18656
39864
14966
17637
20144
40477
28600
2857
45901
35483
47905
32058
31399
24247
9046
8296
20747
3256
40005
9529
3597
28446
3410
38156
41417
44782
29450
9100
41038
41154
48061
23586
37192
4203
10395
15228
45421
31310
41494
22113
8352
26894
8950
9084
11588
3989
8425
16396
6457
6336
32597
15040
5028
21781
47408
33363
23106
17283
6620
41289
23054
29128
30404
32512
28146
25243
30859
22913
7511
20906
21724
12080
3222
39346
23169
12792
1736
23414
2592
9694
49481
16356
11024
28858
31478
29276
41997
38125
3675
4220
11807
27501
27923
17931
16043
27521
40803
21646
47320
6952
26589
8341
8916
21946
28456
13674
33509
6965
6033
48585
19361
10934
28822
25537
40186
13413
5030
12034
15027
16633
14009
6312
10042
17778
12523
19056
40101
22192
29010
28097
3727
26179
6544
33767
7552
33989
7513
24678
22301
19811
6585
4993
46436
35990
39384
10528
39313
39737
8906
38926
4503
18071
38932
28843
44307
27203
23181
12207
1574
1957
12659
8622
4121
41759
9237
17748
30853
9500
43393
7997
8597
21981
9026
8795
3645
12575
6226
44464
3952
16048
43108
28217
35250
36635
46502
2767
37225
19116
14276
27447
47605
34143
5886
29857
29375
17356
13066
23731
9470
48499
3703
46482
5044
23346
39518
45404
18421
15458
4657
17495
3335
44821
9710
7811
28774
5764
37340
10656
3276
20794
5492
19294
29018
19946
23499
7247
26840
12786
11265
5644
25519
18688
1889
24779
44679
33820
42624
5149
2456
11960
31116
38838
9704
42466
35479
17512
23222
13264
16520
9152
5799
24940
15024
17081
23523
4984
48118
47335
25508
5044
15109
44922
32719
28165
24611
47113
4769
27181
33817
10649
23165
6799
42270
3803
4818
47167
5234
41740
26895
13719
47274
10155
5408
37746
1856
25240
32928
9736
6428
4881
15008
24071
23782
42035
17363
27225
5377
4373
17023
21395
23288
18009
3547
27495
34584
2594
1061
12966
1757
14302
3853
27045
8186
40930
12217
11119
37300
6643
10276
28079
21394
30319
10453
20362
25746
7855
24612
24691
19453
38889
9309
9994
26450
49508
2059
31438
36611
14479
4538
2107
24414
4018
6924
16454
17800
28908
14205
21898
44439
43124
48661
49253
31007
8365
5623
14504
16448
6971
22597
8616
38045
41031
36123
5800
45555
25319
4167
35499
2276
12053
32116
12085
3037
5119
21228
2600
11683
39238
20878
25544
13864
19404
14935
6732
31234
29935
15796
28522
7693
9994
47346
8562
4586
6428
23752
1177
4662
15886
16306
15349
27864
8212
5409
37769
38491
9720
3399
9181
19260
33287
19408
29446
18484
29735
16583
24732
21240
5788
3676
7410
25581
4005
41983
6532
13668
4819
15499
42065
20204
21667
4435
29414
36386
11798
21102
5917
20553
35282
49300
2909
18394
12618
34032
3015
46660
31586
4115
41294
46166
30079
12983
13446
14523
2234
7179
2691
35733
36718
49415
9469
9846
8028
31597
24432
6021
1884
31425
2144
