48867
10723
36861
40586
18045
18768
24342
26220
22999
16311
8450
26749
13867
43742
16710
9254
9924
3761
19141
49455
11127
43349
1362
39736
34448
16223
19880
46260
30226
7504
12417
20736
13211
17428
13857
29427
1690
10250
26903
26929
20652
41396
46071
5732
38533
35536
39806
43161
7718
49127
26623
19092
3484
17779
5970
44976
7373
34444
30283
49765
40628
12132
38350
11631
11019
15406
3991
14032
9457
4924
2746
1854
7690
30369
17028
3927
14495
9969
36031
49916
26848
34228
12483
44215
44090
46195
24555
24893
23833
40747
29502
25004
13142
30022
3446
33672
29375
13034
3366
25917
34226
42855
9183
27721
18512
10979
20200
10141
44610
45401
48502
9255
4209
6155
17130
13165
7223
8216
26256
21674
6179
1446
6657
2988
7682
24262
26944
21466
30376
3470
35242
28679
3208
5146
39324
30489
12324
6790
20445
3333
1057
11192
29742
2286
4472
37607
7019
4917
7639
25490
26423
46750
47197
1498
18891
32025
21490
32642
29257
49176
12422
23827
9066
10530
18205
7206
20548
34144
28229
5755
26053
23781
2422
23325
8249
2640
20008
21201
21442
38868
33371
1255
16074
14115
28253
20294
35286
9751
48061
15105
10636
11842
13829
13575
42277
3852
16639
17677
19929
43933
9653
45732
27340
15039
44356
38035
39798
14771
39255
49543
6459
31517
20919
32654
46359
9722
46442
43847
32349
34524
43594
25433
8044
23540
13943
34734
6607
4421
9238
21387
39266
19489
4851
34327
9948
29747
47435
22935
5225
21306
2608
36955
4348
31490
13311
27193
14374
4061
14079
45633
7311
6878
39851
20848
29430
5156
6562
5721
38105
11202
49470
41883
26552
4810
42033
17480
32659
49912
28928
19252
22468
45907
22373
32818
15357
1807
33977
3053
5698
41950
45485
10245
8965
22497
5210
7018
7998
36074
6627
27819
29811
23779
41153
34342
44905
21069
15880
8789
6893
49132
4712
31337
35959
30434
5699
7333
37075
39757
27247
44765
15556
17325
21920
12856
25962
44452
27179
6498
24811
43743
38899
1433
28332
1271
42201
8191
3874
1376
48706
43114
5493
10506
19618
36541
45172
3457
13927
16045
34138
4057
9549
38138
5900
19778
38930
16415
9564
45309
7958
3153
43365
25888
49892
1859
5909
1472
21584
3242
22852
39197
4391
10616
26335
6544
12175
8041
27449
26215
8422
29693
17061
19857
4285
8342
3573
25822
28137
44642
4942
8796
22311
6277
36559
47766
6967
11244
9346
45191
6728
23278
30522
3558
16337
44109
36408
42506
3824
45617
29729
3827
10157
5709
23977
10879
12106
38530
14605
40837
15254
4248
33361
33874
1236
10165
7453
29114
23745
42254
18853
43838
22741
41427
36867
26696
31999
5964
10044
42008
19838
16124
14323
6621
38354
6441
3842
17294
23074
4728
48179
4690
26841
49617
16354
42187
38722
1114
20619
24720
7063
3994
29325
5379
31155
48352
15010
8043
34122
28755
38554
22609
39377
17660
2078
4916
11179
46524
38695
9344
42981
22112
3842
3977
13545
8213
15244
8925
2094
27402
20704
41142
9939
2487
9875
41858
22540
11452
1037
38744
11934
27792
13446
14747
19341
11457
39845
49114
22867
6355
47454
4959
12965
16074
4287
2266
1471
14688
15991
8540
30402
20892
35477
45374
1354
26846
11820
39618
44700
39541
21933
33378
7322
1792
8855
5947
34274
7727
48535
1278
18640
35247
48572
37745
31903
48684
39285
45623
38463
33447
30477
18088
7103
23059
14394
32547
20488
3971
30627
15144
2478
12575
19378
12721
42777
37646
4858
12471
11523
4296
23774
45395
38412
41466
13823
34152
32899
39023
25130
13313
8929
14929
2566
46553
29822
20793
17189
25795
10783
42163
7088
5244
9365
33730
49510
34263
16248
33241
6614
17916
16714
35070
36312
47416
20180
25902
16659
19114
34512
24952
44872
12704
4757
28222
32230
30519
2513
43400
26954
6261
8466
12333
16095
8586
9565
35258
9563
45841
31981
43670
2800
9547
35654
26076
24646
19906
29877
23996
3156
1255
4506
2966
39138
23105
3726
2521
10118
18491
37774
14428
26301
16428
2353
17586
22542
4214
25193
49334
44828
18176
4970
4768
31244
18519
37559
19133
31935
12785
29035
3955
40472
44039
28842
31222
26690
43840
4557
32948
18789
3764
30264
35537
8585
40072
12546
35912
5624
33874
8589
15633
5552
14207
30237
14719
37538
2526
31635
37313
8954
18779
11167
27630
47404
8107
14497
19375
1901
7152
14143
44955
28385
16326
6690
19783
36625
8910
5726
5862
48799
31325
37545
28895
4469
24781
20125
6827
28664
24157
45354
13213
40319
30544
12466
17654
29548
6026
19667
42819
24358
19631
5837
6577
34786
23069
33913
11980
7062
41007
49328
36908
27064
2078
18377
5085
22071
7754
10864
7466
1259
6225
8535
37877
5153
18944
18363
12393
3983
10446
20352
29100
5427
14129
27488
5644
39399
22511
20834
25591
1287
31034
29142
45312
1239
27680
1885
24121
34013
13138
1884
34318
27466
40767
31676
7030
29967
22443
13986
1259
36398
25121
15192
2981
7109
25341
26234
45434
3718
11795
23357
9681
5586
26356
9963
17144
1137
6989
49413
15414
49801
3581
43243
21610
22228
14708
21149
4505
9558
6987
26811
9900
15088
11018
41458
26453
42697
31649
2383
14273
29669
28967
47709
20303
14444
28884
2404
47312
5403
12019
15760
39642
5666
8903
16675
3399
4313
15762
35484
35234
34579
28263
22788
34352
12816
1961
7105
49686
36951
30404
22366
17911
36740
38984
49012
44249
2686
1562
27268
18651
30658
9132
14718
35471
42436
25443
43273
34558
34456
27548
25593
9699
27228
30231
18898
21811
16709
22350
19212
10149
2758
5009
45920
21492
3701
6458
22196
20289
36972
26992
35824
5157
2852
11408
29354
35572
48780
9921
37322
22131
31428
8054
31944
27813
11284
35596
47222
19280
5107
36132
34569
13169
29490
19728
13850
7658
24102
34330
23159
21610
10758
27119
40301
27922
8043
48711
9358
11755
13085
30015
46386
19057
1639
6427
9687
3001
47586
20774
36336
1628
1450
17537
15042
20797
46181
9624
2516
10653
8323
3039
34978
34077
8831
6164
33106
24717
1351
5411
29209
4697
24077
13942
12750
34844
9310
3824
5018
41965
7869
37351
26523
34753
12119
13772
9869
1356
45528
35242
3299
47272
15864
3684
20302
15179
18092
5522
36436
32098
28387
5060
22294
8450
35069
32676
33132
34542
36543
2068
16197
7263
8084
25140
6779
18608
45386
43212
3861
22651
16108
33502
47979
46881
30079
42704
20727
11787
1448
42854
16241
22218
1539
5698
25695
13051
37491
37540
28010
15175
34524
5746
15038
24219
12069
36602
29610
19687
7337
19657
5716
7755
28908
2380
24772
4491
36881
31035
8322
7405
16095
23077
11326
26722
40827
25092
1560
28618
13177
11909
17322
25864
18560
10572
8995
45677
9317
27127
24770
45140
44870
16548
3781
23918
22788
6528
7505
7615
36898
49007
40494
6889
4169
41331
13879
7332
5935
10183
7496
15006
8258
20630
45796
6830
3295
2128
22607
6288
29229
25421
42312
7213
42005
17111
9378
48035
16086
29510
32619
1792
13607
25061
28468
15368
25714
11714
7697
33921
31425
6189
30046
3869
22254
27972
22816
24383
10884
2641
8483
49007
32669
34823
28781
24659
11690
2380
7483
1904
24487
27051
11715
3063
41940
24639
22415
3948
5743
40507
9933
46435
2160
36477
44540
32692
4836
12750
40838
19438
2453
40821
43375
6894
3335
27297
37090
2698
5806
46316
38272
6353
45461
5505
21878
11745
32040
4936
2284
28467
20418
9209
15762
21452
20478
11707
22288
7786
8103
1406
1372
37181
11389
25567
41159
17692
3165
47418
19172
40336
8238
32944
20409
8404
47731
24794
8532
6719
1638
31151
26029
31503
31329
44400
13227
48223
25234
40999
25223
17773
1291
36938
41800
4511
14199
40077
10978
45520
4317
18757
8749
21684
3309
7787
45942
12383
15757
41135
23632
30944
2239
19161
41489
10579
38793
48834
5811
44766
20324
46889
6625
6784
42803
7690
5966
7150
5363
13115
13129
12451
44863
3967
39329
35547
49302
46082
48341
2823
10977
29735
1900
42710
6366
6633
16626
38356
34261
20888
3328
33770
41571
9228
4603
3129
30668
38735
34466
47441
5733
26426
20524
25941
23297
36488
11680
46295
16670
33745
2798
1262
20213
35437
17512
25655
2816
48548
22450
11572
38844
29961
48992
41301
33058
45011
2370
21290
9536
29734
4084
36797
20544
27602
8763
14106
13270
33808
15958
31948
48395
48374
13710
14794
37314
30485
23561
33940
37018
18854
48872
1586
6386
30858
8082
12399
2661
25394
3632
1319
33729
48109
7312
17037
9685
43870
43342
24172
46729
41148
19146
35917
10123
10652
6259
3404
28976
11036
33578
25606
22799
29516
37803
20261
2206
27872
1648
18477
10465
3812
14266
9955
4032
8381
5871
2205
28423
20758
16346
10877
8656
8181
31177
17772
48280
15476
7934
23155
7012
19572
34760
23032
14577
21844
31539
24142
34633
10687
27188
22278
13971
33125
37837
1576
25780
7011
43651
10109
27353
16447
2401
43299
33177
41841
12003
8226
48884
17734
21920
19303
8477
35600
8593
5738
34246
36351
2063
2390
10882
16434
41154
27116
28975
10976
5656
14014
47200
13915
39096
12696
34326
33619
13845
3550
15078
26061
31923
18147
18419
30586
6909
41123
4747
26171
32378
23685
19379
16153
7729
6954
28038
1045
32797
40097
10462
23630
21401
35325
39840
46821
30671
7357
12361
5523
7421
47944
2670
13220
34237
4653
26784
11814
23426
32805
1518
38001
34100
3267
35112
45725
5454
33664
26608
40660
10526
24352
23987
26150
29620
8970
49806
3303
41432
37274
14822
44197
6136
2189
23359
41219
19186
45635
26815
31324
44971
11770
8447
15989
21920
5199
31990
22348
11754
3058
32687
8906
19250
41021
44944
13351
36289
27760
46289
20761
3230
5462
27157
31401
8275
2104
33857
21280
21873
34206
2467
38186
47649
8503
40010
25732
36273
14125
2764
7165
45239
5011
12257
12316
16903
4897
46715
21067
8853
16182
4666
2633
19617
28868
38467
9853
22436
46335
40252
42608
18530
21627
2128
26624
36805
32033
2159
12040
21758
3214
23538
31071
9492
24370
11369
47688
6582
31835
19549
14673
8046
24291
27491
36959
4946
5301
28174
27392
29348
4522
34196
12258
22912
44178
7449
6086
16662
32819
35413
46193
43680
26315
1784
44958
12407
44899
26028
47937
13373
2181
1239
9683
19021
7873
22301
8450
35951
20463
14363
1238
4128
8810
15645
5968
27192
7778
11225
15527
20568
37209
25428
14513
38814
16385
32173
33185
9705
47158
49546
15661
8545
12029
7284
30965
13730
5559
45063
7617
27687
10143
4920
41837
10646
4775
21900
34099
46791
3286
1163
14802
13041
10373
30327
37795
48208
25562
9166
2268
20391
21257
44510
19086
20322
6275
40688
36725
15774
8707
47375
28455
27020
12467
23775
28204
28172
38611
28572
12993
5573
27053
13143
8053
12329
6561
33382
25228
14867
13387
12057
26506
1725
46792
3061
42405
19800
18610
13069
47465
5901
7236
3965
27346
35302
5745
2424
15694
1425
9352
40595
21997
49555
6532
4529
44607
5045
2716
38382
47317
27848
5984
7881
40144
3722
1570
17841
47819
21083
22332
2496
2778
19820
13712
30895
39826
29379
3117
9024
2979
44053
17083
13887
41427
19781
1597
3598
11846
22771
7448
41113
40008
17297
9221
5427
6131
8676
10651
10137
9227
36861
7263
34130
5760
26356
12666
24317
39528
46513
40999
29907
21178
23978
12292
6221
35427
7098
38084
3570
18146
21369
5832
7370
29044
25646
32576
17836
7917
4842
20131
35897
27840
3110
14752
7836
38280
34722
21160
11969
29604
7003
13731
7444
3349
5293
48539
2504
20379
45290
20805
40193
19034
46075
38981
15832
5475
37854
45152
4312
26532
13181
41900
39010
40886
34561
32893
8122
13332
37084
3928
41054
15569
2210
33975
36739
34150
20826
36843
1544
1460
3318
39314
8814
7995
14368
44044
27577
8011
16192
42548
7822
8355
6032
35406
11019
36191
21501
21963
15797
6067
10623
40071
1081
30648
12540
9848
44229
35970
29800
12126
2059
40879
43002
4989
23283
2000
33975
9402
36345
28203
37453
7958
33595
23869
34757
18066
1112
15336
48257
13717
23436
23041
34178
4787
27419
33137
1738
18188
27969
20714
21555
8735
21128
3615
48929
24366
13815
6358
24030
22599
8762
6359
27427
18829
38785
4480
11748
14708
27343
36195
12511
42121
23660
22485
7365
34398
9057
43494
17915
9330
41666
49113
12545
48704
47137
3279
14470
21805
17021
22718
23836
19434
12287
5478
29743
8219
11553
2243
20252
23535
22252
5614
25088
8964
4448
7997
10593
5398
22234
6738
32402
31138
22285
30396
35414
4814
17651
2834
16721
28566
16616
27390
10698
12320
29914
49887
10877
19830
18552
14956
8467
17037
4672
36767
4844
10591
15128
47592
39685
5349
11025
22484
29501
35838
40557
17057
5160
15362
25502
33029
40472
34254
21033
44993
29310
24838
20874
32632
33826
10439
9019
8987
24843
47994
30781
8599
13690
40141
3796
16586
20812
4031
14505
42088
4041
11123
12305
9290
17904
29215
3890
4388
8670
32588
34137
34307
32056
15730
36975
2738
33048
10632
9732
12570
1707
25587
1841
39931
6650
26500
42399
35671
33374
25127
47204
6861
48423
9433
23934
5372
6356
27132
41647
19900
19512
11560
8280
19802
30705
46523
20779
4565
28367
14555
19784
9718
10284
27922
35488
4819
34612
28655
20583
39196
3553
12010
23401
16608
20110
25953
37099
15381
34437
9352
1889
27198
3911
20077
38260
42558
10059
34743
3028
2740
1173
43575
21734
12800
2035
41214
16811
28730
12329
1820
24980
33924
2378
44957
14957
27551
26348
20330
30130
13684
5453
6409
24556
37094
19210
28066
38366
22517
27061
40436
46835
5034
8965
11247
4422
5952
41984
36393
40760
8402
36671
10373
23861
3299
39700
23405
2616
38215
37558
46045
22819
6735
2745
4778
19407
18386
19647
26997
27518
21760
35171
12004
28752
33691
17933
13723
24481
19221
49928
4083
4066
42551
6041
19103
12289
40804
22147
39385
1530
49000
24454
9889
29404
9798
13041
8088
40445
43465
14449
25099
35898
3119
49743
42852
44864
20375
41894
29002
49425
15705
38934
9914
33663
46525
2239
22339
11463
49430
30585
13008
48758
23252
1166
48245
9854
25659
24959
29243
13444
16583
29303
8578
18012
9194
13790
31887
33027
17502
40400
7331
44898
8142
4398
6273
15384
28415
6005
13960
6422
40239
26736
22535
22292
8060
5814
1990
40801
9070
23197
12523
10488
5918
3245
35051
25323
41770
12842
18588
11502
14614
9190
38887
29389
37982
4836
2142
33505
10816
7329
42148
9179
9604
14150
9765
10070
9225
42201
1139
8680
12068
13824
21401
49526
6375
8539
13486
29265
29088
2504
7813
6118
9770
38052
1531
2198
5905
16134
1549
21303
41050
12222
28284
4092
37637
27238
6958
30320
1443
4473
20765
11255
35029
18375
22666
39502
7316
3619
7368
2623
23916
26681
15590
10873
23969
5301
37020
20490
39445
1424
34118
4970
40978
25328
14374
21293
13081
23682
41439
44374
15594
6129
49221
20625
1522
31705
1123
21225
5918
14797
10539
5848
1007
14433
34414
46630
48265
1363
27360
2239
49571
12729
31166
17635
20582
31911
20276
36453
7160
43101
8214
25569
14137
2481
13489
7973
17327
16960
18152
19838
47002
6190
23850
24540
16898
9297
20902
38262
30665
27855
43302
46125
16047
47171
17714
12958
3903
28959
36546
29047
12990
47259
18482
38061
46834
15071
37304
3794
21125
21680
23658
17968
23146
8171
28572
5807
25437
8441
20561
37434
17363
40324
39956
12867
33014
33855
11958
13396
4364
19374
22217
14486
4506
38344
47347
11746
18114
5082
39372
12699
1717
30658
30775
45332
40602
1852
7664
36454
2933
22205
27835
35827
16748
8937
12330
39569
11633
40304
20994
32841
37101
29461
19891
5495
12540
47754
4502
33641
37424
17186
2114
29272
12862
16062
40178
15527
19361
1690
30560
9141
38207
8303
2003
15638
11099
28350
9140
8587
4230
21052
9302
12308
36897
26280
8143
9361
4936
6049
27235
14975
15557
41657
16923
10120
29526
2466
4384
28328
32913
31722
4767
30427
30325
2576
30149
8710
25765
25402
30974
8640
42766
37108
3507
39073
11681
8254
1590
34120
8759
27091
5332
6295
35267
8968
3666
25725
21296
3937
22087
29797
2336
34417
16116
33006
2614
43712
27381
17104
10410
11422
28028
6488
41665
39158
1456
7905
18674
32216
17350
47927
28185
35022
27457
4775
7475
7776
1128
6491
32980
21379
7302
3316
30858
37616
49579
4986
35509
28373
24428
18687
13815
4181
8636
15068
44579
12123
24546
41247
3646
5282
13544
25699
9983
2539
3870
5805
8740
49209
1767
35100
42768
44153
12385
33406
37538
39034
4346
11830
20078
25161
18837
4066
8249
7488
28055
14185
23211
6445
34074
29932
15400
47147
35001
17782
26050
25676
6157
4975
30520
26169
26914
33426
6619
44249
7205
14360
20593
22129
5383
12121
18028
3215
48191
21387
38142
3015
8799
41752
15303
32239
5068
22727
48303
3919
10382
47026
12166
19258
8281
25691
22212
14321
9439
28436
47984
21994
6522
9556
33648
39923
31357
36776
46355
15473
9474
10902
11685
30111
5002
17381
25625
1912
13991
41222
28728
10793
2428
15460
33288
8619
32759
49175
2933
3910
3123
42299
5280
12929
23510
4636
26925
22907
7653
3466
15391
6671
4359
15996
3132
2669
30040
26709
21543
4509
7431
46725
49490
15297
24886
14888
8051
7779
6600
35848
38784
31677
5788
2272
8970
9742
47467
17936
14716
38218
28736
36126
6017
49834
27890
11742
42224
4238
1388
38781
28713
38411
3322
35109
36885
14248
40590
33929
31085
29068
32644
9316
40837
43093
13920
46821
19281
2549
34149
37675
21268
2412
28969
7639
1384
4443
20623
24910
41735
8940
42382
37012
24645
32543
4912
7688
18011
39818
10197
31376
39273
10296
26038
27344
22066
36379
5020
32955
25966
7962
23134
46418
37927
3206
3650
7457
24420
19540
35611
5366
13518
29995
47086
40122
6517
1557
4337
34921
2606
8227
31586
36233
23035
42428
22693
8022
6062
31270
6667
39283
35093
36500
24936
16131
33447
3864
38949
8673
2499
44207
36338
35009
29679
9212
10970
47455
47554
16838
22607
2646
4767
34961
2640
16136
2365
22701
6370
37892
22737
6995
1667
11257
3687
30345
33332
12552
11311
28479
2719
22239
14660
38657
12040
2318
37848
48189
14608
4507
5237
7230
33472
11194
15885
29123
6351
9953
16135
48814
8107
3315
15504
12683
21040
26462
12991
36945
31958
30863
29410
14921
46749
17402
7578
45997
34959
30597
47562
36162
8455
30448
3985
19028
7775
17491
44812
8105
9595
12895
9835
4902
25263
10338
11658
6719
29432
8167
27740
25536
9148
33806
11404
30834
26958
7233
9725
20226
10120
8941
26403
7974
28180
5407
3285
37117
5754
48712
14290
22798
21147
30165
19238
23559
19184
2279
35082
34995
5680
41355
7277
7489
6953
33250
2659
7050
26007
40572
23154
28189
1371
5215
14419
19710
3768
36922
21183
29026
23579
47711
25739
28554
20419
2860
42601
20737
23119
36928
4115
34687
41169
7177
43633
21349
33885
7591
1428
33270
36102
23710
16255
13033
42999
23242
9777
40071
28726
42575
8091
4843
2250
17931
31943
44387
10029
48305
44118
7447
7957
15476
8000
49560
24634
16475
22281
40302
14698
35536
49023
37783
6832
15273
24288
37377
39189
32074
5703
28469
1162
47654
3412
17823
12949
36126
8880
10870
35317
5372
19845
4004
30679
17322
3228
5070
15996
35558
9763
9759
6125
43075
10638
42916
22845
18575
21047
12743
48624
6928
17748
2113
5674
6891
16821
32190
2751
7639
16769
5599
5070
24236
7263
1979
33449
36697
7120
26370
40193
2598
44713
29957
4650
8192
15907
1986
24006
22452
1436
6003
7003
37758
14138
44984
16352
7897
46561
27151
3895
33105
9016
30326
26345
5145
28778
44946
26656
46818
27696
17403
12994
32680
44513
3535
8713
24682
9850
48755
28161
9422
32802
9526
4464
4297
19965
7614
25769
38751
14164
15543
1701
25481
48309
9621
29912
33598
7254
3505
46211
34987
18230
48082
3134
38024
45567
8164
41078
1624
16454
9524
9790
19331
26537
12347
19302
11888
8891
23333
33489
2837
14161
20329
13524
15990
28842
4677
15744
36194
3446
24543
49840
38169
34994
2963
20120
2134
2618
25765
44031
1469
8981
4672
23508
4663
1667
43952
26184
2609
24403
6876
6936
17232
29617
37440
5652
23040
9393
21105
18786
22238
8714
44981
23026
27519
7876
9260
7737
26971
15625
6961
41780
2368
9126
14080
25567
5821
29976
34368
1190
34433
43595
46609
25711
16446
17316
7574
24755
42683
8605
27684
8821
13639
16962
11912
1388
11215
4562
23871
44327
20579
27295
2871
34611
13037
5559
6896
7185
27246
46402
49446
10422
35533
40436
14742
30435
21994
29481
7921
2433
24896
33516
26648
8703
49096
6005
1235
17868
43556
11314
23109
19313
11967
19782
19175
42874
33813
5786
37342
39803
23912
44502
13315
20769
4865
46042
15230
25528
8674
9366
2365
15154
23411
8272
24854
25589
40819
46610
4589
18560
7793
7205
12548
13115
3446
16515
46044
48435
8846
11919
41665
3810
21394
13159
12040
36950
20887
36421
2162
14032
11226
41849
16673
48470
4650
27645
12642
8762
15683
26689
31313
40847
22211
15272
42336
3042
2673
20300
3967
25051
18404
33952
38971
19589
1403
9985
20046
31929
41913
27396
34855
6262
8231
9777
19355
32243
26090
36101
15112
18202
10800
10060
39874
2536
8477
33558
3962
43065
1582
44655
7421
4882
26880
26422
5323
23478
5486
49318
28439
30783
28765
4135
45039
37108
5926
19342
22579
13437
15190
31425
27149
3358
17825
3140
27696
22019
10022
21164
9716
2561
14840
20855
41063
31394
40377
22064
15680
39911
8368
3930
8346
11625
7572
8338
44137
43611
42551
37010
25416
23203
5940
5383
17552
5677
1908
9986
46924
3837
24280
15852
37574
35325
4333
35036
23883
8675
49324
38076
40688
30356
49708
37880
19549
36443
34739
3039
34704
3772
13485
26030
19547
9847
23752
21967
26602
3963
16871
1184
34175
4797
5752
46231
14076
38109
28926
24591
18019
1359
8084
44490
23884
6771
28974
19323
12673
9092
2748
40115
20484
13994
41651
12519
28647
11125
37232
2446
44335
4817
28225
18385
36418
4136
20333
8262
39766
21953
11863
1380
6594
29763
20441
22388
25160
5661
42638
26206
1114
1833
20840
25524
10803
12420
19042
36373
5246
25207
29587
10980
47839
1693
21736
20381
1961
13670
34963
20359
2451
47233
12919
8028
41913
6663
5327
18834
33201
3951
18088
44235
5094
4772
21773
20619
16866
39223
36903
33970
21311
6256
6793
3149
31213
21878
18225
39573
34711
3390
39529
23549
32277
22212
42327
14633
25314
49504
1670
22873
23310
2109
3072
3622
17817
22798
7541
45606
16743
1542
8777
1281
37838
28291
13070
21436
4798
31221
6908
21449
4183
7482
34420
26197
24446
20392
10723
4794
21728
36323
35760
40386
28998
8479
43195
2915
47414
36004
32413
9429
22037
17701
49717
37243
39872
27415
21366
46105
22015
25697
11290
24772
23052
37278
43511
3015
4191
18863
4910
3319
42254
1588
32037
26000
13230
46990
23283
9298
3492
26639
20626
27203
23411
18665
36603
8486
15127
8254
47989
29651
3801
11847
2920
36862
7776
38550
25791
8016
31600
35941
49962
2238
32522
28494
3785
28568
6380
7368
3995
8080
9619
9054
35767
7867
30716
11659
6939
12537
40607
14150
5247
35167
12551
21279
6919
45399
30950
33495
34131
31502
30958
32419
19758
31391
18393
3673
27261
31310
9821
1620
46775
10475
43168
40222
10066
49257
48647
42048
25850
9141
21732
3545
7285
1482
49236
4111
1350
8924
48531
31927
10291
11410
46328
4397
4088
9124
8399
24494
34952
5276
25314
26888
8280
15691
39303
2600
33082
14082
22610
5658
39530
20820
42187
28986
2127
4157
17226
7908
38659
42584
8923
22871
33183
47217
13580
40575
22921
11629
9929
32787
42491
11122
10723
44911
21610
7664
46425
19832
9376
6662
24124
22986
18438
47562
6638
6806
41915
4243
24235
2097
7155
24533
2078
8893
29264
29668
32362
27325
45125
12754
17052
2962
1969
34052
12581
36660
2817
12772
16279
18358
33645
25889
43179
12544
45482
3137
9100
3699
43405
45884
2636
8187
4020
20946
26624
6082
49962
7123
18921
43682
3369
32015
38208
49922
7942
31407
21461
15411
24211
23771
5579
49818
12385
27571
30684
5778
5382
18324
12426
1092
26303
6502
47905
41035
26738
6423
45999
12011
26423
29501
5390
5065
1677
6154
10337
1431
42394
29889
16403
21814
8078
18290
16387
8315
39074
4673
15694
9866
8066
21873
37713
8320
8447
2669
47354
47161
4664
28426
26286
8624
28841
1605
23851
46457
7326
19126
9417
27947
4196
39643
38047
41364
4959
1754
15594
22077
11863
3664
25597
27715
10893
23064
23420
11325
5366
17299
9117
2076
2445
10748
8719
26497
11418
24271
3622
10512
24261
45989
5822
22687
7694
3402
6311
7061
38396
16347
40303
10406
21516
11830
19999
43066
21627
10448
15588
12613
24670
18726
37268
5256
14030
7139
38227
38270
34695
24966
27196
27405
5087
34217
10984
6203
1435
5586
28940
22282
14869
16807
34560
8187
43622
49049
5662
13804
7270
18596
40567
6786
31184
32418
15117
16945
23429
43690
12229
40964
25751
1032
29083
21261
11696
40040
35639
8284
26946
27305
34379
12004
3230
10677
6718
37078
34798
39803
23759
48431
28806
31054
38540
7890
20608
9665
19866
32337
27373
1105
4103
4623
38239
15835
22019
26138
49578
48697
22318
41109
43269
5572
15204
3363
7569
2904
39783
30344
1982
11277
40436
37595
48752
2947
39550
5132
16999
49699
48989
27905
42159
2933
15887
45471
47247
16667
12584
14722
27706
46440
33581
44538
37620
27899
23829
29348
30832
7287
18387
44892
27482
47166
29366
4852
5346
9596
45510
23222
9573
21225
13483
33997
44726
4275
3306
4906
42505
40115
9775
36983
40942
22036
31606
36481
13027
45643
1586
49455
25621
8144
38367
34427
29463
30316
9600
15349
2168
5544
13188
1082
4153
35142
35231
30782
12690
34341
11835
8118
10352
3463
32160
39473
28381
21795
42836
10251
11210
38484
28837
27118
2956
39752
23672
39076
20634
30928
22617
19623
4494
13104
7704
1930
3202
8050
27433
20253
19674
24891
8169
1874
37340
6335
19967
26164
1974
41349
3265
22304
20149
14174
42040
35176
11175
1725
12962
2037
10269
32039
44847
19690
10698
31915
46730
6377
48779
12809
45910
37274
16055
2837
20644
14758
21416
22253
38898
3964
22611
6682
1415
30631
24034
33158
18546
30750
32126
2580
11946
2401
12816
12294
18316
26765
42330
32441
6244
12649
27536
17021
2713
46170
11814
10372
9507
14515
9288
45724
2310
15996
38834
7615
37033
6534
17979
49657
21533
13479
2717
32807
13765
23297
30932
48252
3722
35929
5629
40441
24696
14759
26717
3915
6855
13521
8942
23217
34040
26527
49793
12119
31134
25557
8620
34044
34218
29365
5042
13634
46408
2934
27926
35591
48320
1002
13127
18179
8659
25229
44890
2172
37281
8050
39876
37865
23405
36268
1084
33572
9883
3065
2369
22923
44475
22602
40742
4954
21630
41954
24883
31075
19903
43044
14502
36349
37368
45400
14274
12719
19779
2460
27497
39671
36329
34966
6720
28485
7440
16258
5498
35429
7609
32623
21334
4686
18266
22208
4138
5940
25005
2902
10759
7497
4682
42286
6209
19796
38693
1769
21984
18768
26054
11969
2816
40770
11943
28947
16325
43798
4806
26184
9438
4952
23936
48297
49625
25770
6405
17750
22875
22031
5516
48936
40742
4896
43364
13604
35138
1819
3910
20213
1716
37722
13527
39462
49390
8136
5114
1100
13318
1926
2910
22327
26510
4359
1206
4865
11015
14501
9970
4218
27236
18598
49435
6713
5614
13267
3833
24077
6925
11494
33936
19761
1873
3744
7015
28895
26301
24824
25127
8667
4168
16240
37464
4021
46585
6951
14504
20406
5971
33360
46742
45882
21617
3500
26929
10815
8246
15692
38141
10469
5295
18385
10055
29573
14902
46884
22568
33985
20140
14655
25584
6920
37884
20676
11916
13994
4625
27391
28254
27552
6042
7934
33438
16879
6791
45330
19924
9000
48527
31654
32547
11671
3768
14887
20197
19025
4100
14306
8960
33081
10484
15170
18725
4483
16962
4661
42815
19588
7010
41809
3430
9084
27906
5950
11302
26009
49493
2641
18368
26982
1659
29749
7083
12903
46985
34906
10450
20381
21749
13073
44108
7513
16377
21015
16565
12661
30790
12492
14370
28325
28370
28803
26922
17002
44203
1288
6085
45290
48759
41800
11665
12872
2386
6137
21258
20661
46136
9718
13899
43618
40267
3432
15857
45244
15826
9104
2652
10757
25807
25641
9581
23006
39709
16720
1904
20250
45642
22494
1876
36755
12508
11224
2719
22737
7397
46821
37305
42323
45763
11375
44581
8226
39892
26170
4227
5064
42199
41719
26969
36036
3153
13587
4801
48853
31104
34260
45021
5582
41934
5149
20428
49274
4322
7847
21104
44553
26766
20803
28747
1311
33758
26513
42772
40221
41994
7424
10732
46308
4597
29534
11214
15836
19857
38331
13212
9893
44560
1961
1300
25768
13277
18509
15242
14036
42681
42845
32849
35850
46908
8021
18161
49306
47644
9012
15187
20811
29570
2724
23100
6372
12941
8889
23866
15705
7660
20283
7392
23704
28696
33689
37654
45001
42085
28977
9704
16272
12212
39618
36497
7780
47431
14814
17114
40708
20551
6773
22150
46171
7898
8223
25518
9011
43624
32550
1017
35083
5043
24062
16469
1218
3071
11478
7256
3204
11537
20800
1050
39224
23605
27528
3107
43148
14522
47385
27476
2691
24932
38023
7544
19237
46020
38172
49778
45080
7502
9419
27811
10439
7534
46921
5943
42252
9743
33169
1816
6711
41958
16477
13595
48454
21492
26931
17758
44827
38693
16381
46201
12162
28022
3057
47225
25763
3507
8336
38306
14188
15484
13363
29579
35973
3463
7042
7109
25977
30645
4244
18458
33584
45019
14117
17332
8836
32432
20208
23545
12418
21240
7077
2070
16207
11212
9707
6865
12249
16742
18629
8298
38971
43810
8012
5549
32327
25356
44791
8360
15256
26711
23108
16399
49626
7448
23912
21255
41120
6744
3058
41256
31040
9784
13554
5840
19897
10415
7428
8034
6139
16187
1682
2712
15279
32424
10573
48332
26586
8012
6018
49213
29247
49959
40604
36134
37907
44334
8394
7936
21490
24965
29627
12726
47000
25774
8523
11024
6025
30827
39349
6273
47397
3871
8291
44029
4489
44202
4678
7290
20035
28892
46086
40041
19896
6590
2154
27028
6684
19517
26418
46042
9833
9073
17361
11682
9163
29419
25496
37474
13851
14862
19030
35765
21297
32692
18120
26999
40302
8590
8430
8745
42271
44157
40531
24886
33265
4504
25781
2920
9732
4767
16150
4058
2364
48768
12791
39755
25172
45886
36199
8492
44194
31748
30667
8011
6503
28148
23341
44679
28902
8535
17292
5257
1231
17443
37434
6132
32852
1534
15848
5466
41128
34000
28850
2993
25198
11560
4717
7337
29242
13098
25504
6403
42897
5696
4085
20930
6838
22366
20664
16757
23190
22735
44797
24915
6511
16534
34661
26128
11151
7121
27784
15621
40704
17988
6983
8582
1408
13837
9328
43047
49220
25374
15771
46130
8277
34129
33136
29945
16739
9039
12081
45582
24478
44639
4296
17030
35067
19409
29662
5043
5296
26399
11418
41109
9918
43431
8904
47566
6376
21535
24047
39520
24147
40695
8328
1455
1705
30254
8015
30593
10568
49516
7734
5838
29244
2034
24289
2531
24970
3043
16797
18592
38029
37590
32765
22279
11226
14065
35018
38622
33129
34896
43348
14296
3778
14289
16595
4790
21279
30776
20006
19978
42103
21573
46205
18496
1714
5215
23163
12509
27898
1367
7612
24025
4744
20626
20298
42308
24883
34991
25590
9453
14058
3455
43943
12126
9058
24593
9918
16818
9278
32186
7841
2087
22095
27839
1005
20953
24571
19850
15021
46294
8450
9785
2626
23881
19878
41573
5183
24636
34566
20250
16223
4810
6745
7885
6943
10697
33913
9672
21333
38652
5864
45319
1232
7591
38254
6886
25085
48348
20029
5917
25880
8100
45556
31412
3610
33803
7404
19837
2947
45026
38241
48655
47246
37302
46924
46558
37159
8771
27983
19690
3673
6802
19112
22030
37650
5803
9619
43740
3062
31949
8725
5489
48195
18380
18309
43298
12222
39385
12121
1707
33787
12541
6614
44564
3794
7900
7424
48531
45022
37353
7272
2655
46596
44847
22589
24334
6161
20734
21890
12749
11070
7170
10773
6274
30339
22484
22830
14034
40065
20222
21972
31633
4177
3613
35109
41151
22732
15735
28177
27982
8666
40966
28858
9984
20276
25353
32839
2169
18340
20646
37185
24682
10272
17397
6666
11563
27525
49473
17879
34747
33761
34637
43030
15633
38073
13126
4476
21769
18437
49097
5881
3779
40697
11271
11428
37616
42195
42506
2740
41540
39595
47147
8796
19925
11088
35269
11988
12836
27793
4189
31667
40290
18453
32254
2874
37046
2179
4702
28777
10486
6580
37369
20504
20393
2601
20619
9192
36515
9004
42761
27268
48619
20086
29298
14344
49972
17398
35876
22934
13991
37779
33546
39604
14270
20694
9900
41487
21050
19849
48293
45671
10796
40722
24338
20149
1655
10827
20557
17849
40375
8573
4228
7832
49915
27708
23881
17762
4055
27615
4561
27520
37541
28166
5956
30003
23328
25195
22071
6077
2216
22064
16721
26437
26392
36106
49099
2935
9080
3695
24710
10943
14814
36271
45394
23925
28458
43416
6942
26797
28448
24635
27218
38930
11495
34788
39537
47876
34478
4839
21762
7858
24311
3434
47430
33328
21944
20413
20951
12198
26286
6019
36367
29534
4341
12491
10089
37987
19928
3731
1543
19422
44437
38078
35917
1629
5826
23438
16163
36190
39712
12467
2496
16100
9079
24418
3656
4880
27944
5272
25673
40524
43042
24531
43023
26080
24017
14686
10698
2173
25783
49927
5919
24456
28707
23293
18297
27421
4907
40973
4896
4366
24001
2038
33566
31955
9534
31658
46189
17245
44560
26517
36832
22644
36690
29719
24299
42775
26711
8952
44958
19819
14138
25137
49029
49379
9309
19473
41863
9077
32450
2348
29442
6917
32210
7138
7735
26531
11194
2523
21153
2450
3580
10074
32859
28978
4386
25912
41639
30409
4011
24708
4877
10986
1152
7598
11335
13798
15636
4156
21157
12754
19425
16820
44700
26641
34696
35788
1188
25920
28473
8658
24793
17756
10471
36774
43347
22864
18940
9441
5154
17838
48326
43756
9991
35146
14922
29616
4300
43947
6929
40366
33863
24454
8654
21213
24702
48649
16765
20383
16900
6831
48667
9440
4129
8659
23665
25056
14946
41946
7716
4039
48825
21146
32573
23959
7804
33854
2032
37711
2604
12730
33764
24715
43920
42817
17303
45302
16321
16443
8410
27265
43938
40553
26004
6954
27213
27379
5605
15128
5079
16391
8392
29730
9998
29464
41086
7931
45820
24688
17603
4146
7745
17065
43489
24060
4206
5411
3669
8912
15561
5424
15944
29674
6862
8786
14272
38906
24414
10505
47369
44052
15056
24492
9177
12155
49177
19130
8209
22968
2967
47431
29914
11656
49956
3323
2051
48111
10309
4496
49781
29029
27741
12781
5060
35875
41650
25472
33959
5602
19533
3442
35521
34372
13882
39168
25235
46387
18160
33275
23130
7958
18980
45858
36188
27508
16190
3093
7012
33224
14196
37375
6903
1750
9137
28241
1381
31415
27646
4084
5149
7281
15527
5380
4988
2520
13234
27071
8717
25273
22205
29027
26481
8957
17343
41469
9555
12957
20399
9605
6419
6393
16149
5717
22624
45474
16100
29389
24526
41395
21601
37855
47574
18167
7976
4161
2137
10820
28466
35164
9920
42125
8618
28511
4815
49755
15301
46404
44233
6637
39421
47718
29766
10549
29925
39384
2978
27402
10499
49517
49650
30151
22596
6344
4442
38351
7131
6117
5041
42364
29088
28509
3811
18495
42156
18076
41785
40341
44104
7473
6128
20118
5551
48838
4860
19656
31714
29691
16305
8525
1678
22713
5696
9702
36063
6202
9155
40341
38072
23329
24350
24919
19488
39524
34243
3998
29450
49768
22254
20295
39765
29714
20103
7842
8583
29869
28696
47802
2820
5147
39535
4726
26260
28759
43642
15162
6987
21221
13315
27715
8490
25832
20900
5283
24648
20694
3488
42184
40773
25924
23160
48700
15125
28938
3595
6411
29286
45137
19945
16997
25786
28283
43729
13719
6753
4365
24592
5861
46318
35388
7197
24349
37279
19937
21604
22823
47066
4376
18702
3215
31576
28095
24491
2915
25520
3159
26766
1242
37847
6326
30771
7094
6394
38273
4094
19206
22623
2908
4903
25503
14780
9042
8622
14196
23724
27208
27338
23322
37905
9283
42219
19192
12654
40372
15581
34924
47084
3427
23253
14009
2806
11038
11095
39769
8284
48923
17991
14839
28154
24609
2950
2365
6527
20228
44343
36124
28580
3857
41569
47595
30218
7499
1564
18377
3319
16514
34538
29051
1748
48380
33441
24692
14284
8056
13882
28549
3328
34534
28581
25820
19353
27813
9972
45332
5751
49176
29463
19509
4083
14614
37341
32662
35786
41841
5499
43532
14949
42372
9363
19663
10721
26333
14810
27137
7918
19849
38922
48745
8717
22696
19496
11760
35570
26958
41600
46795
2113
27964
3763
47106
22039
40412
48580
34456
15633
40110
30044
41131
23122
43913
42103
44557
21231
23024
16906
4656
30631
6248
8563
7621
14923
3303
42410
8208
31854
35239
44806
40329
15024
8074
6784
40259
6601
38358
14577
13500
24941
11314
3017
49954
3040
23094
45273
40572
6894
3108
40519
47909
2399
3820
9069
21195
29814
7727
8379
1117
2803
4878
25361
43433
48843
4340
41115
9620
40540
2993
21625
47214
24179
27916
38551
45159
17617
48845
4181
48224
24286
27385
32554
31027
5466
4162
7270
21485
30377
47812
28095
7105
9267
9821
27916
20871
15321
16749
42285
49673
47945
1030
22125
2744
32877
18361
29705
20415
44695
21067
40033
7927
25282
8847
5603
4787
37839
49617
21706
45027
34057
9078
23896
38167
45852
23532
17633
16759
38405
10628
1909
4386
8256
46802
25257
37833
5233
5525
14646
35901
32367
6342
48869
4596
45547
2859
8664
10046
8127
9292
3466
37166
4628
7903
2000
10963
16157
16998
44622
20525
48063
8990
44234
17878
32317
4741
33925
8916
35876
39362
49015
13984
40381
4782
19752
9772
41068
6370
32149
11089
42976
1605
32638
2980
17404
8634
20114
25840
27215
2115
15513
26275
33194
20345
24992
30494
48143
28925
27726
15391
24653
19143
3370
8186
27164
36382
42770
28227
2660
48865
3313
14424
13210
43464
17225
8609
8790
26554
41512
5258
1528
47243
4136
10180
6475
28638
26083
2540
10424
5657
7546
4980
22109
39492
41113
9615
8088
1731
35058
2175
5583
19837
15741
44481
8388
22919
10952
46713
1262
19736
4602
34666
8649
20784
24845
21456
34343
37699
7445
49915
46278
20824
12736
13377
45935
39836
4153
49536
39528
28139
1611
4417
8301
13073
32486
45519
9613
48447
13851
33914
5343
1762
46692
47355
19425
26744
38146
27096
30795
8139
6191
27123
22735
16347
7536
41742
38329
40384
39977
38157
27768
3819
47482
36341
31154
6437
9931
8231
38857
6372
42205
30042
27330
12053
42848
3374
37028
6415
21107
3927
10948
19980
10246
42766
22089
2984
31707
25898
17333
21402
1755
33344
3584
47769
8355
7639
15665
17915
16351
8369
29592
29932
24711
21220
17531
14861
12343
6941
12184
49508
20000
6022
27762
23776
32568
39541
27274
8444
48131
28803
18750
23648
28369
30818
36678
29522
6683
9334
5637
8147
5617
13232
16659
17745
14934
39897
1847
2799
3185
1665
38000
2526
7753
3144
2477
24223
31854
4528
48652
15609
45209
1448
34696
38192
34191
40484
23204
19562
27828
49398
22808
28413
1714
1431
46260
34550
1100
8604
29322
43886
22555
19682
6240
17346
6420
6151
28587
39094
20422
10553
4759
27771
40677
7125
25396
8421
33639
46623
46779
31059
42585
18096
13127
46862
21703
43132
6447
10125
25542
46146
31852
17338
5058
24787
47806
37972
12228
4217
15459
4912
41421
3108
16008
45486
10378
1492
41919
10107
16190
25337
28895
26358
13241
42251
1211
36589
44759
2154
16425
44378
3016
20800
9961
24601
29302
8542
4748
13593
40396
20350
36668
5662
17334
19535
28133
6323
31069
34212
18226
36168
42472
3280
45792
49579
12311
5720
24874
12421
1074
22624
6272
44209
11310
13349
37580
15633
21716
17381
38056
1366
14043
35720
23757
1439
20019
19357
1676
27530
25933
1380
10658
1733
2899
9625
6727
27682
38308
14762
3741
6036
27704
7739
5039
10752
46076
5489
48760
40585
32880
22354
34161
39573
10245
37514
8727
30279
24580
4963
8439
8028
20151
42800
42270
9685
32987
13137
45802
29197
34007
48380
35889
1165
8962
7139
4360
21863
8821
23021
41469
43344
8458
19066
1817
3541
39619
27303
44353
29503
39793
11626
42272
7777
39071
49773
19528
36824
1344
42788
2221
49581
22115
42544
49095
7698
38765
1348
13582
34627
10661
6929
9430
3807
7530
9512
31462
6522
23852
6100
35290
30535
3454
9131
33766
5482
3772
20359
11056
48184
21856
14089
15831
40789
9714
26293
45793
33480
34492
20456
45982
31566
11115
24366
10445
8250
34304
24565
45464
24761
20046
14858
18928
8982
8019
25234
31907
16123
1261
4661
18045
18194
19422
38235
6050
49425
47271
3230
17829
1943
17011
33756
17996
8220
47232
7486
21347
28745
6813
30740
23973
28556
14118
45447
38508
43169
15002
3026
38798
40869
43768
36276
19969
46022
19824
16521
23830
8940
20321
3589
12081
6603
19557
18048
46395
11773
11456
46792
5452
6879
42587
47745
33016
8867
16346
26153
16205
37710
15819
25782
46732
8921
38432
25639
6608
26188
45134
7374
3977
20386
26068
7841
23373
9832
14879
5802
23832
13512
27912
39417
38072
26785
42121
23577
20497
39403
7105
42372
11573
4837
41689
2166
38159
42647
19186
2782
43330
41479
10301
6889
46010
17719
34964
12633
3484
19777
18603
27655
26283
49397
11849
37763
30869
32027
9759
46868
3696
34974
25835
42137
49036
31427
46020
3851
3408
25658
4038
7170
20071
21729
32924
31684
26085
15715
42771
48718
13494
4096
25233
8301
49463
30527
47870
9771
15602
44601
44008
37750
24589
13541
23536
38861
12758
34581
22589
5157
27072
34548
4566
10593
16051
15515
14910
22758
35730
4028
40529
6285
2196
39301
14538
14849
24893
12393
24474
9725
22264
39637
19095
40702
39034
34304
9825
10097
3055
9424
2176
17444
9353
20844
26147
23423
41139
45120
9031
20045
3123
9208
17901
29335
15393
8600
44519
30988
15191
48038
22330
12214
20106
6471
18718
5670
1194
15519
45283
6001
29075
8673
21898
17742
34608
34111
44942
34451
49841
26465
15236
1095
19056
2607
29029
9430
22462
13991
10975
45468
35827
25252
40821
31096
24642
32585
25680
8002
34145
20554
10507
30803
6764
27123
43437
35205
31230
15197
21325
8517
18394
40749
44251
16942
18338
33178
6914
19334
45497
37280
45791
36891
10394
36093
13127
8158
25715
22641
32148
29834
33138
44309
34572
13668
33569
40217
43556
43353
3042
2637
11644
24117
26646
35755
6972
8437
28184
2368
31653
15589
2307
38671
23108
20816
3597
31999
8676
27648
34831
25935
12522
3220
41888
37669
7025
24397
6560
3486
36255
22713
15156
25463
24741
29253
8046
49996
43609
7438
9083
24654
12645
41128
35945
21152
41525
40439
12397
1586
48616
37589
12907
29341
37530
6665
6879
15544
4542
1442
31491
37338
33293
2105
4175
24295
43568
18833
29091
42235
15402
40657
41962
22366
22978
15669
4422
9335
37337
9567
37312
19271
2760
9500
45587
46367
20756
27419
3828
31083
22010
1697
14147
9585
17802
38393
1668
24454
34839
6038
18133
4732
5526
42095
22250
3925
19048
31402
6104
9868
35587
14579
29050
17451
7443
35834
13629
2710
24521
29436
32336
40533
35023
19256
11730
14694
36353
13187
10639
9121
20983
30393
48273
13137
19948
32566
11086
9063
29754
9830
12824
6139
39795
4149
39051
13566
4617
3945
34543
8013
12868
4812
39600
31519
48654
28901
4625
1856
36613
47789
36260
6031
47674
10295
19019
39276
28437
25758
18028
30234
41575
47565
38978
43282
40855
15372
3237
37600
28795
4337
