39106
2486
8686
9022
22499
26624
34928
8197
33449
13282
33383
34244
44383
12372
13816
7745
2051
7445
45095
36578
25936
2039
10116
16930
11582
24873
26686
44252
43261
16022
47086
2405
25739
13129
23456
9443
33243
20500
13780
43735
12821
18201
3833
6851
6086
27606
13206
39922
7886
9446
9218
37999
11905
5080
2367
5245
4995
28552
26254
41811
49642
14858
15385
38878
7070
26460
2816
6121
3249
20796
18692
2709
9643
12452
5060
31510
5304
43250
9857
43266
48667
17639
19328
8586
47308
38107
38632
19090
13786
2613
12336
9050
15150
39927
9836
28778
6461
18991
24397
25882
49757
3573
33156
9278
26208
25445
7775
24261
10211
48746
5931
10039
26869
37365
32396
35750
8369
7734
2396
43407
34231
9283
25291
7937
8818
16208
47946
27783
49435
5157
10986
8627
3022
47534
6368
1779
24940
2713
3829
24697
26055
10224
16920
15464
47819
11123
17178
7225
43663
28405
4607
1062
24657
20782
25263
17927
2376
49865
20575
29509
46706
9502
45705
46129
11661
6662
26878
27421
1530
37252
43076
30738
48002
37216
2978
26609
2126
15859
28125
32471
2898
14590
21852
29548
3469
30877
37471
8117
31774
20538
28391
42875
10224
14548
9462
16389
8294
13230
10149
35836
9150
37274
27959
6217
1878
35173
23723
41387
31083
3840
46912
14321
32264
1102
17387
31208
25502
9970
32347
15154
41782
37734
25400
43731
13811
29688
42347
6123
1590
35385
1878
16306
21361
41168
26332
31702
49681
14382
23845
21803
26406
6981
4763
9266
43167
7971
36093
4007
10088
5348
18633
41267
32531
1546
10082
36463
32186
9823
39394
14008
23939
34754
1837
16692
17405
49390
31866
2720
3272
24431
32523
4543
25966
6807
43311
37158
14264
27281
37368
40507
17782
11429
11551
47443
29637
5272
47469
23145
19506
25527
42397
34710
27270
20583
43529
3179
4931
17415
11529
28957
