22724
43394
37151
24202
33657
36575
7722
3628
8569
5214
34487
21728
15469
24428
27794
9003
27759
9675
43609
42809
2083
47559
17470
22746
4401
7871
6104
1623
37896
11631
25540
7342
9215
32183
43134
13712
2888
20034
34739
9067
26559
42839
1002
40737
41125
10803
49279
9381
38402
8677
25203
25339
39424
38272
20255
36597
12573
3172
14373
38878
23579
43546
3312
39300
3108
22319
4081
13163
27845
3985
18296
39553
4897
13302
43118
21918
26193
44323
20228
27869
8500
8657
5636
8684
18445
9030
29803
17813
17902
49190
7674
45122
30083
10203
13462
31339
28568
29223
26723
13026
