28773
43972
41344
31460
13883
2183
43202
38362
5537
17267
4259
10408
10623
9146
18972
13187
43762
6412
16857
4735
40197
23202
11284
14274
7361
8246
1706
47771
4889
4263
1533
18525
5805
13611
26230
44335
37152
29239
35518
39540
20038
41704
17617
26039
43880
28311
37275
39197
3210
23481
2653
27901
20105
29437
13696
28236
29315
2229
37037
24376
16355
47439
5618
16418
16718
38880
30045
24193
20140
13967
39926
17743
15532
35148
40729
32342
16022
4750
11094
42116
9253
27728
4960
41524
10862
15801
9030
2259
7834
17189
40668
48395
15062
36478
40803
43147
43214
6769
43779
22450
48512
15977
19752
5410
7230
9012
31317
6684
29986
1288
17335
12567
20663
42362
41523
33845
42577
9183
39294
13262
34155
18773
43619
5505
7135
27043
8275
41014
10636
13195
6146
39228
29393
23886
2227
5019
19746
37033
5342
27303
4243
40131
33679
1824
31320
25816
18695
47494
4429
12140
5884
42656
25455
21201
13167
19796
4776
37435
6855
46068
33322
8065
1893
2126
2484
38995
19880
7894
31639
36647
47863
4734
6908
16816
20317
9553
29629
7129
21595
26178
44958
1810
1130
15615
31252
42907
27289
10549
4306
12500
10673
20094
4060
3657
7624
18342
41170
15683
39937
42711
3188
28195
39273
12034
22383
31741
29022
19377
17605
24108
15618
8679
25415
18560
47639
41286
10137
3519
4622
7878
3530
5372
4523
5865
41520
2700
37473
34763
9414
17294
6288
22616
3946
36302
23034
6131
44381
8453
11549
19255
1292
18289
24103
43157
6196
37610
47612
5173
19798
46835
43671
30570
1317
8394
1280
22230
41227
2879
15868
13941
22722
2179
7818
11281
5128
32302
15770
7577
13230
46364
39325
36006
25845
2709
6506
5018
26233
6404
8433
6898
33111
30729
5053
2050
18758
7482
1144
3739
44509
38902
3789
30690
2468
3479
29328
28737
34291
33926
38924
5032
46739
36542
29674
40329
22686
30655
7098
12726
5357
3648
4494
45103
29517
4597
29564
1512
47324
8326
23715
3091
19108
7183
37500
20829
28218
13654
9265
12441
24687
49793
24754
46422
30397
7816
28883
11367
1384
10620
8570
48816
8576
4121
1614
5746
10945
8299
20008
31665
32308
5586
42911
37601
29655
11409
29903
24761
32735
19529
14847
9292
19834
28624
36005
46185
27232
21630
35595
18715
41065
28592
44845
34551
16970
37647
3515
42512
6561
12953
7334
33450
38339
34913
18126
19340
10946
10305
48247
37185
37734
46417
7972
21836
22539
28054
46538
2404
32986
15146
9233
41591
39294
39892
8484
3759
3425
25034
27068
46166
48625
41653
6327
8707
26092
3656
2099
5073
7816
15159
43963
4229
10744
27077
26350
15508
29578
49380
44584
8695
40172
14467
48716
43165
7949
41711
24436
5539
6526
16429
31519
48384
7275
30474
6525
1754
24763
5179
49857
11553
44616
1873
14968
33316
37923
49706
5089
8325
3948
16205
38437
26448
16808
4735
3630
8856
22687
14522
1364
18744
6264
37208
7606
33767
8017
22892
49088
18765
22436
29030
2700
5390
6011
22802
14392
35353
8695
11192
45983
3007
33302
2262
6216
21389
4015
9230
32824
30784
31068
27001
17221
10255
11166
15758
38775
27804
17337
3957
4865
45972
19476
28670
18632
6581
7133
12910
26394
21538
36697
3965
15002
2021
21799
4527
3005
18613
32407
19151
17147
32436
21772
7620
27818
3691
3849
3344
2464
8230
4983
1011
23459
26590
32064
42014
24327
34690
1960
12212
10006
18869
11755
33726
38358
31908
17597
21640
33911
2055
19639
7635
35638
24355
20715
27393
31100
22099
4057
26624
8972
35126
41404
47951
18249
18210
42225
32739
16363
49522
9039
17502
8135
16272
21519
31827
5747
23720
17770
21798
37222
31421
12151
25937
18763
44040
5138
7719
22185
48251
4580
22556
18088
15586
5358
38068
22047
35640
30710
18541
13146
41625
40314
21333
43367
9387
8384
35639
1984
20211
27045
25511
9878
6546
32075
6492
32127
48791
5862
2186
8672
3492
25965
8852
2758
23053
25063
16276
29382
5033
44726
7958
34248
22656
12823
39813
5234
14488
6477
40938
9151
10785
4107
15252
13166
27436
20628
42015
13367
17539
29854
30399
6495
9996
7427
26553
3649
2228
18637
27667
38483
41008
12872
17940
18389
33754
34638
48895
49275
19632
25782
10600
32321
25456
40106
46225
39133
2114
46878
9788
45254
21438
19048
2108
24082
17736
25424
26525
26477
16572
15364
22393
40625
19487
1280
33776
8718
7496
25109
4495
28282
25904
34251
12324
37428
19464
29063
9948
3764
41109
37493
45433
14033
40896
19402
32726
15496
4366
11218
19359
4372
47431
9071
37273
1724
14020
5548
49919
19732
45351
6549
39081
23481
1825
23658
26463
5863
22493
26757
27734
4807
49649
8728
25827
40839
24280
27447
11090
33763
34283
1490
49771
3634
26935
11777
3536
23310
36034
46114
6690
20078
32395
9475
16977
17763
19236
13088
36447
24807
29445
1156
1470
34740
25473
44745
15423
14673
29927
38028
5369
5547
2917
44957
21783
14243
34767
27819
41261
6912
47804
24622
4725
26688
35078
25300
41105
35084
24308
47421
5660
3695
19258
42063
26494
34545
9885
43376
3866
3982
47351
34032
39708
18110
6909
47206
22386
13072
46796
41636
40956
6323
10894
3305
33266
13757
8493
19792
3630
44837
23284
45089
2435
23412
49689
41712
31762
23789
33947
10056
33319
25819
13500
43636
27846
21979
36474
32070
5443
21280
43742
16557
6392
28320
12688
23728
21468
5813
2505
41438
12830
2905
6148
21115
3137
10085
8015
15563
23180
5726
12291
1272
6901
32171
5288
1228
3824
7551
22926
16166
37501
16039
12942
4655
23894
2219
2421
6991
36209
11605
45698
42223
19296
9447
43201
29670
49912
13807
19872
24860
5555
40055
25564
31322
23025
1052
44463
6422
21330
46235
1083
5872
8277
22079
37398
5707
49689
13829
6973
35224
7793
2947
35787
19470
17793
35228
35910
13278
15264
8208
24477
19116
9856
29157
34155
22268
21337
8063
25609
24598
18304
8205
26613
24086
5940
26951
26326
19422
21403
9460
10610
1118
22885
40887
15486
29582
2122
1187
48144
42408
5701
8185
25671
27637
8907
26861
31581
1310
47997
31705
35824
4037
27234
4118
5557
42469
33474
23844
8265
30540
9368
18500
25120
30284
5748
1433
48959
26812
5542
3636
29758
12567
2577
27723
37399
24566
23444
48190
45708
12165
7641
5114
9102
28329
13590
26474
27494
47199
19359
19778
41110
24817
38412
16129
33884
49808
24569
25353
34179
25224
41259
23887
18122
31599
10358
7799
40043
9152
8986
35714
1032
23229
26588
6163
5627
26973
12039
16724
40308
8967
44999
9072
49973
7871
1117
20252
11903
24181
3251
33488
2972
34999
3793
35134
39418
25143
5166
44450
38678
6222
46117
49705
9181
14301
21527
7821
2765
35112
46665
44336
20265
26643
24477
2612
38831
25466
20200
13457
7590
28959
28418
2505
18435
11787
14445
9297
49727
42810
24890
21543
34286
26493
46568
21895
27726
40528
18231
29227
2251
47502
12790
6516
22326
49219
19623
34161
49978
8773
32512
35045
26876
48232
5337
22635
15705
9554
28466
21969
24620
5149
40756
7152
3101
41625
34287
36718
1282
7852
17779
41989
6518
24977
9034
39737
37285
7998
48512
33387
20102
36125
9037
4725
20784
30810
12796
12121
40478
1316
2233
26078
15914
4504
44773
42244
10466
8055
31171
3051
11425
42417
2458
7473
17950
41809
5808
7644
36936
13125
2298
20996
49071
11564
30011
29225
9190
26669
1071
10575
47553
41205
46399
9464
25727
28628
36093
21466
16097
9783
4617
19196
49886
10149
10717
12204
7071
49304
37926
44976
45477
45536
46172
15932
9333
25746
2272
20827
12196
7457
5730
15297
2372
4077
47168
25533
20919
43575
25328
24361
5124
24204
41447
24365
3078
13175
32657
25512
45004
11502
42793
15448
10166
27729
7267
25849
2543
11808
3883
27358
6202
6912
42910
25680
20079
7629
12995
31346
20011
8839
3640
40376
13415
49028
24987
40025
8955
22610
2691
7412
8531
23485
36225
36210
3726
6838
23974
4857
37552
46383
28067
29240
36201
2445
1780
23273
20901
42706
8761
46104
19108
36254
4358
4525
20385
33439
23933
19947
6431
8205
21001
4856
7222
6191
31296
47303
11611
36180
1640
41453
31538
15725
42152
20176
17202
36033
17360
19350
4487
5328
24961
38020
49700
39385
2134
40073
17283
34913
38493
17332
42048
4504
5099
24687
3555
14397
49342
26562
29551
45304
2127
35997
28921
8238
29109
6442
26005
32903
37755
6324
10365
7243
48259
5868
40242
8297
26404
17090
30718
1415
7478
5876
45445
3969
6108
2445
48714
17696
19716
39867
41846
5143
49513
24508
2422
6034
38001
24620
9412
44401
16465
15222
7778
13970
6636
36708
3674
49971
18155
26775
2171
4274
28347
32799
18242
13422
29099
22050
14147
45657
41353
2055
1455
6653
9752
27204
25780
20083
49862
15049
35163
11765
44328
49506
15704
43959
5185
36924
19713
19252
6597
26017
5661
4586
44999
7707
1745
8402
12185
26523
3661
9014
15949
9321
26385
41617
38790
20149
44847
42297
38472
3620
15486
27708
5198
34234
26029
17882
28269
33222
27444
19604
47151
3308
24807
8229
22323
20696
41017
27070
28075
37143
34972
2115
43084
7800
19339
22012
6260
11413
47038
30963
30907
16472
9816
28462
17112
13815
7026
19574
9483
19060
34739
26612
30836
29899
47446
26685
14919
39717
9895
38086
42340
13196
47152
20963
26089
22012
43102
6178
26620
6617
45666
49490
7062
19594
1040
26165
40202
38258
4184
5210
8136
8665
7063
8340
4730
27153
24697
42403
23918
49934
3822
28320
39988
8788
49504
16768
24896
20038
2613
15175
36016
49396
20066
27259
6261
26817
40529
47475
23457
2442
42334
19221
2352
30719
22521
49269
36284
5297
11137
15922
23129
30261
1545
19537
20307
4154
5195
47309
26101
14600
44519
26557
27365
15286
45632
21089
23419
26605
41866
26499
35601
1837
28533
42193
14508
7020
28651
4120
8192
20605
9347
12915
28848
5182
22543
26334
15507
3107
7442
16966
4392
39846
12117
17297
41998
43982
41503
46622
2764
1399
25058
49028
45791
17553
21957
8581
49472
6580
5636
4782
33156
29621
14125
34650
18789
30442
36878
38880
16982
27176
14443
48889
18562
8426
5255
27181
48700
49073
30016
1696
47110
37072
22339
43992
20756
11492
20701
18861
14931
47811
21634
16809
47172
6194
11359
41090
43529
22429
1506
41813
5795
23898
1971
19937
44556
47035
20171
21145
4919
33368
4574
7698
5939
16523
49184
12322
4211
27141
15198
47499
3911
45289
9936
1943
2033
11724
7204
8681
34299
48870
24583
10256
1563
22788
44857
27337
11415
9249
46936
42231
38505
40586
17439
45365
11705
4559
37431
19527
3176
25184
29692
34815
5798
19254
4437
3538
37183
12900
9525
3499
32419
27396
42166
40344
5339
5280
29808
9498
28789
9130
15670
9721
28303
47026
18287
46828
26775
34613
6075
2099
42114
33547
5731
21053
21869
2201
47201
36080
35099
43540
46508
43252
29552
1824
33325
24319
18715
5409
1302
9024
25590
31144
39137
36620
4600
25583
31341
7899
34869
30889
10993
37585
24186
33117
22211
9661
13738
2085
22793
43030
11053
16001
3154
15922
18189
42542
12693
46379
16663
15779
29674
14957
9118
10936
10358
24208
41658
33095
27296
8634
11483
4967
17210
7976
22624
1020
43042
26791
14743
23268
24508
5471
37770
8068
22817
9596
30730
21872
9192
22734
28912
6362
20490
26282
2395
44035
8748
34341
9926
2847
1953
26460
39799
16317
24751
40776
42740
29327
5719
28265
2738
12884
6213
40521
6724
26480
7255
1599
4063
39624
16078
49287
49445
6315
31531
44598
21531
46220
21705
27755
22198
35654
37575
26810
6547
3803
15155
19396
9882
20373
43805
40417
24108
36363
6178
7388
23407
25015
29795
17341
20496
48029
27457
24506
48791
13820
16814
14911
8352
7258
34230
4244
5317
10566
49165
40626
43017
4662
37426
3852
41896
21777
16618
11411
13847
9723
49011
8850
3448
14003
5451
33159
23265
34556
14313
4551
37636
26456
1938
8456
25949
39141
23722
2436
20730
30091
46830
13817
7810
37528
1427
15964
15616
39540
25221
7085
19282
37085
35684
37936
4309
23402
27342
31834
26869
18712
18054
25527
7143
23885
21027
42937
47271
28842
10730
10984
9629
8406
2765
3389
9088
23849
13641
25689
41466
31784
3884
43067
38024
7266
18635
25295
9493
44463
30568
1337
13786
31138
14151
26837
20179
3514
36960
45334
24979
8042
8034
22010
49018
12067
28264
14368
5980
6254
29145
6295
2872
22173
40151
33570
28550
9111
40658
24618
21463
29102
2962
15140
33161
12418
12402
8426
10204
28915
2004
