40862
11851
48542
9731
45313
29672
33741
9264
48737
37295
27441
8109
41150
10384
18602
45350
18950
41272
8760
15012
30164
9179
24080
28763
4687
14809
2259
12047
6250
33105
2822
37566
38528
24148
5497
31380
18133
22118
47609
1693
14535
18197
20224
45146
23409
1328
15549
49496
11041
4504
45078
11771
37851
9237
31240
25739
11926
28938
4860
9834
17568
15318
44178
38043
12322
1903
8572
45108
15326
46983
12931
14829
27627
9045
3723
41930
5449
36783
25147
35884
18788
41733
4303
9123
14525
8205
47795
44369
45745
4530
28136
29128
13909
41522
2418
10462
30706
11075
26956
45286
14656
24574
43094
4303
45723
32028
47450
34582
12530
20747
1190
7612
47430
44403
32559
6602
28428
45355
1534
8759
2379
38022
46788
16669
37270
9491
42266
9096
6364
14639
14919
45421
17054
16440
23029
17149
6471
48818
15721
41827
30513
44080
45107
10267
8496
24617
39582
41838
24795
20955
29209
49112
16169
31272
48682
13013
17521
20083
31976
7630
5552
5081
20771
45058
21281
21870
9033
6270
19777
21541
7667
44772
7134
4652
18287
27605
1238
5357
5012
26271
41507
7786
29540
26981
25471
5269
8529
6282
15904
9711
27126
34306
3191
7133
22425
12120
10668
30586
27851
26594
49832
1815
39348
10816
7208
8036
5109
30733
14074
2952
9345
5751
13342
9420
29825
2411
4243
23944
2891
29390
6486
27435
10066
10851
13588
25294
47952
25868
5999
37057
32578
8873
1713
45173
31628
47303
11123
7777
34319
42978
9382
37505
49820
30218
4866
8304
45249
20044
3420
6074
2535
47490
10666
33543
4477
22227
49301
34750
16672
37322
42472
43311
17718
3153
22015
16223
6806
47901
28349
1800
12033
3676
4219
3134
4063
6915
28330
19765
18907
21587
5605
26697
49791
31799
23437
20775
7211
24698
20394
5171
16556
46488
25310
1426
1488
35197
40464
2531
22804
6243
6831
7797
33497
16408
7810
18956
12153
27506
20324
30084
39092
22350
6211
21197
32450
45814
13334
15387
8892
1418
13168
13637
6043
12868
22380
14547
12773
5693
15401
24869
23544
23694
36732
38739
4882
12916
1174
1126
8686
9258
45508
25938
2150
29916
7154
1484
27943
12100
23061
17752
9593
37839
32109
36470
3974
16281
46675
8861
14744
18207
2252
47899
40220
48261
45335
38580
37854
26430
4518
1342
39649
37058
31021
7735
32933
34310
21945
31418
30409
1767
6757
24853
49212
6687
17643
27351
25348
1691
47099
15959
8448
13574
26796
9367
26698
2360
29893
17514
11534
44685
5147
41164
38328
8258
31373
9111
6161
45319
46960
16464
43890
8918
5089
5308
28814
8491
37252
13733
1610
28153
5441
8365
22795
46228
26780
4568
44752
8747
18499
35088
28887
38543
26504
35778
20840
42647
34788
43768
44199
6931
23979
24862
30352
43435
30522
33735
44608
21814
18024
28900
14834
28817
8827
29940
22384
21423
2327
15486
17680
28757
40258
13411
47057
11647
4156
24017
3408
40244
23614
16899
9115
3101
22392
23244
25417
20724
3303
9078
25573
27353
1474
39961
17383
31636
8230
15717
15064
2045
15218
12224
13681
23658
9631
45719
39923
9559
6306
18145
46107
12274
42316
11784
2155
40409
4891
44468
7928
40179
1361
9592
1946
41409
34715
3964
5473
36971
5177
34208
43425
12287
1099
2853
18872
47273
12546
39874
46777
9610
1112
44884
16797
12532
23326
44354
9996
27013
4318
24815
6636
11162
30818
47990
25033
32523
5697
22611
1399
2120
36110
28082
3396
19333
12853
37783
13019
7296
4805
47704
34999
12905
1677
35480
5314
10733
1373
7282
9568
21923
6323
30040
16493
41155
22270
2988
2503
41738
10835
24883
48307
1675
12809
5598
20115
10536
23161
21464
7508
24080
44933
35489
25262
5200
9436
17164
36222
18873
45673
24200
29441
21784
47256
1099
24662
35768
47345
1847
7457
36458
37152
31891
32154
23346
1955
27546
1257
44982
40563
28797
37019
18971
1246
45516
41426
25020
14707
19665
15290
41816
7007
24286
28039
3998
19728
10204
6350
23584
14814
2714
6688
33356
14764
45374
47910
24364
21652
9061
6489
23035
37152
12356
10043
23146
4547
12465
48289
28780
17665
3059
10658
22429
49984
25457
28256
16835
45155
9937
23350
49734
1224
1657
35425
14577
49021
10668
2029
41449
33827
6097
31990
11484
5027
3504
34614
4732
6556
48458
21818
37198
15636
6530
7500
6596
32906
19073
11155
3501
36624
27081
26113
27009
13359
5937
10482
31343
22890
35583
18774
3785
13867
2593
39440
28803
45602
18086
9382
36087
3029
35008
47340
10497
5642
44669
15200
29193
27248
11639
6897
4840
9523
15381
41746
26886
1423
45717
47721
3169
17456
38568
7977
3173
43924
28423
33027
46023
16787
3350
6287
32016
7075
13724
3453
7618
28560
8839
17506
38564
18385
8637
13265
41281
20760
25103
23117
5047
4808
29296
47492
37760
28386
28122
12936
16705
2702
13836
8798
8746
20603
39690
8875
20054
25675
22601
32983
6214
27320
13409
3729
26864
12888
25656
46998
19018
9070
35249
40016
9598
34690
43788
45229
5352
1913
6189
16548
8096
8069
49684
23752
26600
48649
14816
29206
5593
45460
2446
27954
44018
24311
47428
6507
25405
6840
23170
3904
13052
47732
19997
8342
4766
40352
47159
41361
16245
13621
23453
44035
19475
25269
48627
32951
25364
4345
44735
7574
47240
7810
25591
28196
38369
19165
12203
22931
5173
36456
38856
11764
37528
3117
13904
26254
9795
4095
48562
1711
4451
37980
43357
46928
8698
27248
6749
37645
6806
4890
7962
47515
5964
1900
36800
37196
47048
28533
19780
22644
2955
6435
48343
41531
15163
29246
22533
25962
8731
37331
45705
12362
44107
9194
6827
6603
1650
40440
15065
32333
35971
4460
43579
26638
18520
17372
41252
41511
38555
17405
15981
18901
20179
29061
9795
7651
18638
2313
9817
10359
32287
39861
38068
8375
7115
2893
21755
6657
49990
4144
2688
8088
37389
2713
4047
24325
16891
25827
23802
8751
19487
11356
20709
49933
9359
19007
8672
12640
3645
17313
7490
44362
22126
34548
29424
14049
15078
18270
31449
14745
3640
22200
18006
38051
11285
11531
24326
47427
21621
9499
49205
35654
21452
37121
20046
29931
17137
32789
11870
33709
29064
1996
2975
11082
40884
6944
8832
17402
9572
2291
30735
35847
6765
43401
16325
45922
3683
41998
9463
4023
18203
41700
2620
41551
47668
15072
20022
22616
25517
8777
38394
11443
9123
20329
31840
9960
28147
29427
29843
37699
48869
9151
3243
2831
9174
19862
23176
15924
46459
15326
21307
12655
25856
16892
21766
48474
16572
28050
3993
26211
2117
27572
1232
9802
38146
14329
17040
12263
28103
37846
38105
30267
7826
6934
2895
2595
1666
28397
36336
7988
38620
25513
49357
4525
3099
31928
43155
36921
8992
14802
48602
37719
38638
6010
8676
4173
14711
49384
45630
27704
35852
36865
4559
26166
8374
11328
36137
49101
27188
46180
6682
25297
1736
11504
15206
27648
11082
26260
24560
2641
21497
26497
22768
14274
45019
26105
4283
31917
6470
22592
23686
6171
32846
28001
18464
39498
11777
37526
33834
18192
39248
31288
24730
2960
10640
31427
5168
36221
1996
27128
23744
48335
33223
19551
1010
46069
18017
1442
4768
12606
39331
6379
40880
11556
4977
2166
24121
32140
12167
15647
21760
6128
6183
14159
39612
27490
3626
8008
9469
19290
35367
7151
26990
8645
48599
41635
4183
32098
5978
32367
7919
34359
41033
24523
26855
3497
9864
5584
31627
47571
9755
9947
49896
31905
3914
48467
7910
13475
4230
39000
6778
11787
8653
11986
34669
1743
43706
32805
7833
4901
39553
19984
7531
22019
46973
49198
2544
16597
5251
48671
9311
10014
29739
9345
4517
2974
47865
5071
22402
17459
6548
42410
39329
6780
13705
12133
11350
46650
44976
25803
16277
20520
5894
33360
1787
8291
36263
3912
47133
9589
3383
47621
40046
19320
8536
21241
2642
26465
16078
32524
25693
1339
3107
48169
25249
8138
2668
18537
45437
45050
11999
1156
14429
33253
21980
31922
47475
38113
38132
25213
25339
41428
39761
11281
44926
32868
11761
20583
48497
46443
5749
9413
41608
16689
41838
8931
40316
1743
47844
38785
9913
33573
20611
36699
7550
45529
11456
29444
4853
12599
4989
24010
1949
21562
35284
29520
20780
25780
39563
9451
48308
14090
19613
22338
36471
5771
28914
8714
1522
42006
2762
17096
20279
2322
23480
3802
42703
7618
8140
7692
11317
27463
3701
5826
29323
27968
30087
8022
39571
39264
6671
49718
18165
21408
10495
48202
3774
2141
35663
27855
9479
7496
17682
19646
1197
41629
2323
23513
40713
21011
7155
17530
8489
34309
23777
16300
2700
44369
25416
13083
7463
40818
25717
24399
4947
25422
39010
6205
12893
49717
3928
28842
1930
1264
15684
8287
15207
27335
18333
10420
42476
34839
7268
2648
41326
37658
38587
31495
7455
29501
5645
4069
22107
8897
32413
5763
6090
41532
14270
29558
22422
30488
23181
40690
24460
4703
4534
3503
43785
8865
3939
45613
38479
22348
6676
11720
11234
20077
28427
4087
19031
22786
42087
48191
21840
18150
5726
34315
28810
39419
39736
21221
26286
13772
20959
37766
25023
5090
11879
6124
15346
39305
39829
4685
9841
9235
33243
5455
23042
23329
13418
28855
11177
18791
19957
29775
18454
10552
26743
9625
16214
5248
40270
3780
27615
44317
38022
8017
5000
41068
14571
5017
17805
6776
28317
4379
1852
28056
8269
16370
24936
15768
24766
13253
38892
1800
27074
1814
19072
3544
8817
15194
41824
16281
44087
40135
13806
17605
48576
25897
2468
13457
42102
19548
14232
16292
19841
18189
24870
43365
2883
38605
11362
1056
11438
2434
8176
24259
34052
1833
41614
15002
3103
24005
16193
26720
43271
34250
11186
18395
9735
6591
49631
12617
35452
8947
21656
34945
34392
8713
39651
27158
39077
33903
12162
48758
49419
7653
11331
3208
45389
5750
10394
25974
2194
28658
25251
18619
9541
7434
44751
1087
4716
3848
48839
44950
27119
18053
4795
4519
6022
40419
9567
12142
10594
39354
36074
31819
38846
48878
45844
4348
9704
27981
11957
15193
16731
24254
6580
8522
8772
48677
7120
2720
7395
45174
3987
19627
39675
43905
29602
8408
9423
34025
7035
15478
44501
5480
26732
20938
17431
2966
10226
21377
8692
13384
1317
17228
22049
17986
23612
17307
22904
6172
8505
21872
35167
15878
21872
13665
31089
39318
2092
15965
22063
19959
1016
9516
39093
9797
15250
22087
39743
23445
42638
5261
32620
7020
1744
18332
3631
2710
10721
5055
26720
43511
7085
32450
18918
22861
43324
23508
47533
5478
29756
21672
39609
19845
38637
23084
27852
23462
11368
27074
24421
46104
30374
1410
25974
18038
3110
28174
9479
17339
18243
44088
15400
35641
3895
12012
28613
42241
48754
2204
48378
6849
8972
8805
4944
23433
6735
13861
40648
19950
6449
6505
42217
8467
22038
21741
36078
35146
7061
44993
22569
7990
1390
27236
28835
3534
22532
25673
3902
4852
1519
43375
31413
18264
18413
21925
8577
14361
4747
48241
17084
25965
23306
18910
34868
34894
18216
10373
34263
7565
42292
46360
42943
33121
32193
45687
13658
24518
17660
16092
4090
44128
7957
21363
10735
12820
42263
8115
27655
2443
44099
35542
11173
8527
17552
7147
37299
37774
3538
30416
8914
18241
45446
46307
31327
14660
41477
24049
36196
24417
25059
4275
40007
10707
36185
14918
29408
11269
40597
49897
28355
28424
15992
27066
17748
7825
47873
16141
7385
6645
39770
5032
2873
22100
34982
20610
10938
36711
48307
44348
19682
15898
1623
8766
45468
9349
31748
15895
29368
32191
3349
32730
26226
49450
46361
20003
28799
5654
10095
31674
14390
9271
33728
48420
6968
38848
27638
8066
11448
8380
40680
42519
3925
4247
4264
24724
22531
24619
41183
46041
30476
47332
9856
37005
4224
27193
45203
14571
39882
10371
34540
1389
41162
12547
4226
4796
16524
30550
8182
22096
7048
22412
25264
31609
24909
16387
37506
45409
40474
47081
23389
43388
24627
19159
39107
30957
22008
49640
1606
10823
10141
4529
2126
39730
49148
18207
5138
46008
3432
26914
16085
22111
12961
27047
3430
5682
48183
8552
6708
1102
20436
27491
4751
21324
47922
8566
19756
6193
30940
20531
8040
3211
4135
29554
39742
23418
26410
25679
22472
23314
6873
48136
21102
13531
36427
39008
13814
1280
1051
16659
33967
9902
47108
14760
7693
21762
13359
14062
8294
10025
1543
16708
9221
20115
12692
37722
1561
45937
10537
3473
21206
4199
16875
26629
8301
39060
17913
8666
41035
25069
4858
45983
31951
2701
1659
42721
4640
21047
45090
12283
14350
21741
44878
37590
19934
17721
45744
37858
27217
5489
20693
32982
5164
27763
25864
47116
21870
42394
41607
1825
24450
37810
36386
18887
49271
4286
47162
21362
1813
18308
32092
45300
24464
21000
7838
45679
3893
7026
7077
30784
1260
24426
14823
38918
9659
35064
15297
16408
8119
26874
18711
30011
5388
5056
28614
14931
3054
4112
3048
37206
49718
28140
7626
25159
34068
27659
7286
40577
7352
12945
4038
30866
24310
11855
23800
6752
28378
21383
15089
8199
48317
23606
7194
23441
11500
1876
15644
19746
4977
6037
24743
4744
30776
44793
49241
46282
17906
14591
12461
40517
6041
37320
5441
49253
35519
46738
42020
31052
14842
7606
16653
4554
21625
17831
7107
6709
44904
27492
39857
32740
42229
5249
3820
23996
11484
2093
36816
16842
32816
42343
41305
14384
35518
5031
36694
47176
1370
17120
27996
7204
48447
19570
20603
39323
18857
18195
14894
37797
9940
15006
22244
16714
12691
5433
9009
14627
1613
4340
33416
13765
16144
44955
21103
2279
46030
15045
37861
2583
33632
35912
26560
11101
35524
16762
4009
44935
24235
9151
32528
2334
47979
45429
49180
40338
4144
4362
44553
1820
5599
41812
26269
48119
5682
9331
10546
23647
12956
26131
9361
32842
30998
2627
4337
30881
26317
6707
5866
28939
11784
7692
16412
20296
49019
24706
3132
14477
46173
8717
25745
6415
6701
18871
2207
29235
40780
29846
17275
10819
18257
21970
8320
1970
4800
4664
13457
48374
16994
17054
47136
7296
20278
48962
9204
24291
15508
40106
16497
19209
4853
21956
5188
11125
29030
11829
32629
30052
13302
28936
27969
14308
20809
30682
11771
6614
19134
13238
12230
24796
10775
39410
45741
5186
24791
44684
7966
44617
40370
6502
3401
12124
8380
12686
14380
25232
40020
1085
49573
1367
11359
12204
3159
47526
19088
23153
41360
35490
35426
4540
9801
6033
11192
18751
19453
28138
37107
34516
24759
37398
28393
16326
9316
3619
35048
3648
46443
17968
30994
30041
17711
45253
9358
21555
44744
13320
10891
40354
18935
37462
7709
8746
47853
25691
6228
48060
3770
20835
40264
17329
14683
42949
43663
21933
44477
4652
38355
24283
48874
17608
20463
10970
5447
3056
43752
2115
12002
37435
17879
25948
45944
30853
22239
4700
4495
3724
4912
18724
14588
7354
16183
34824
7267
18552
7292
21120
33151
14016
14569
9826
35300
47502
14903
19490
8759
37444
12840
32732
29202
37142
8719
15552
1906
6632
7140
15095
21589
21291
8138
9844
7282
40551
48889
32039
49775
2851
7777
49568
37892
6748
10190
40843
28872
1554
23359
7116
31265
30668
7791
33234
5264
1816
9578
7115
6827
22922
27902
45371
1186
44241
23745
39304
36393
8857
21669
19469
22421
39169
15332
15793
23496
10557
33204
43879
14146
33167
22708
3789
37699
22020
49201
25292
24366
26965
16102
37230
3001
14178
1224
10355
40644
40730
5171
32940
26665
9559
12721
11158
38999
24773
6408
33634
28201
13230
5062
1486
18104
41523
5095
45071
5426
38165
11407
6383
11350
18577
46094
27418
27697
13625
43044
29316
22888
6784
7825
22607
14224
2119
10818
34787
19997
49737
43737
22708
14250
2605
2127
24620
40079
36129
47573
4803
45907
18391
11045
4546
33634
8854
42943
8998
5934
46503
13102
42035
17839
9559
5942
6487
39387
49743
43757
32849
18711
27364
7102
34299
20791
25139
2639
25222
31721
20352
2556
5531
2176
28505
32559
48051
8640
5003
40961
5316
8423
28356
10826
38370
11476
9161
26387
17613
6923
27785
7989
48634
2699
26567
28041
28896
9652
2905
48687
20684
45441
32424
15678
44206
5190
23765
8225
48009
2103
11321
37111
38204
17834
5468
38236
7926
19801
2390
41068
14999
2214
28172
3261
29154
17474
14748
47049
23329
45296
21874
14893
16936
48652
11437
49417
1068
5670
2876
41932
26387
11991
12162
42672
18365
5162
19412
9385
11812
38571
12991
6350
18677
3212
8801
22171
18414
12994
5282
23165
26263
39724
47417
11159
30095
26920
14214
18829
10148
9610
1532
27169
35926
6031
25199
4383
48613
3093
47783
28857
4525
25051
21029
7175
45948
26061
46893
24313
33122
10501
49784
3663
40498
49530
9470
2102
3015
13614
32086
41200
4995
11629
34050
49967
12356
34771
16575
19033
30971
1555
37239
5488
10423
22233
27770
39789
30268
44256
3796
34002
10385
4843
26764
5436
44005
43496
4407
9005
11933
9827
36890
43218
29404
43859
49825
2474
44371
15933
46436
29347
28530
5832
13042
2713
8405
22185
22710
12157
36018
3110
28411
5420
22937
19559
29438
22351
34767
8724
3901
1813
49926
8565
31773
2838
9825
28251
8344
38810
20603
38278
41440
43786
14572
13737
41716
37229
44617
7768
14406
45169
14162
3961
48718
10515
7169
5695
9976
4786
16559
7451
4117
11911
36093
40577
48677
46496
1944
40738
42636
36235
17159
48222
44302
22469
37106
29595
47487
8851
31927
22306
7561
7634
1617
12523
25092
9580
1310
16259
10636
38328
23588
38731
1815
15309
48831
14633
30664
45702
5798
11336
20154
37783
28512
19514
25385
32621
28869
12767
33411
15494
27101
9515
5436
28923
35060
13344
34351
12757
31651
8628
16417
7368
26452
1846
21685
25499
29874
27092
39986
14684
30121
14632
18459
35572
13791
24050
41039
15655
32455
13916
21919
1492
29191
25822
23559
9185
43862
42456
4868
14980
21676
48591
3380
2252
5688
4302
21014
11408
26074
10858
44921
2253
1647
12971
18571
14639
14593
11697
1562
42615
11492
1799
46925
6100
39559
6258
5836
32450
44661
34833
30749
15400
33429
11377
11278
38410
5981
39498
26516
39976
39297
10384
2552
3523
1586
1103
3990
13280
38241
23828
46318
16535
1388
20475
11649
45265
26327
1923
17826
20276
9859
17580
5837
1116
4892
46010
36807
13680
44956
4597
25003
4053
4567
17430
4208
6941
15301
34991
34505
5891
24912
24639
26757
4083
1127
9479
40834
1089
2490
10807
12707
48883
11399
21721
49286
19457
1929
8981
18960
6578
19322
2346
21903
6994
16066
40264
35120
8308
11412
33448
45989
10032
33143
25732
39249
46834
40125
36357
42507
44219
13346
40032
26179
12597
25105
25318
2384
46398
45299
46448
26924
6415
24535
22982
8169
2241
29390
32342
16450
24912
23595
1890
8587
21119
21653
5882
38266
8298
38116
3093
37509
8987
22661
30855
36915
43247
5772
10457
18526
26465
28097
3965
4671
42030
47807
27318
3314
30536
16095
5376
6867
26165
43560
24875
6893
2485
6080
30747
37539
49241
7339
47452
4900
20390
1779
45497
4164
46237
3603
38487
26319
14483
24601
8737
41539
21764
45996
22851
47611
40866
26076
4364
13501
37335
21062
29805
31971
12675
44521
47814
3291
18242
48392
7834
20557
18635
17205
11051
8610
4309
8927
2266
28034
21551
20944
23503
49625
49603
26128
15160
8358
2060
3370
9306
18839
15945
21417
12397
15390
35578
46142
19072
1293
2811
2567
49742
40912
13915
10723
10808
10364
27238
34979
6996
27498
38876
40688
39577
10528
29116
29940
3995
32012
18938
22455
34590
3133
33534
12513
44277
1759
12693
7667
22939
47391
17681
28189
1003
22149
32694
10544
22305
15740
9672
23688
21385
37299
4847
21016
6623
36058
35670
22639
26813
24923
4741
42312
18729
47423
34185
5138
19903
37530
21964
6521
19513
29881
30264
3260
17008
35775
26005
2681
22037
37885
5418
25433
9389
4660
13331
22926
14947
19337
19475
48139
27154
7496
3776
13793
20198
3174
24831
22619
49680
6363
17631
38394
5131
4746
5214
5392
41059
18186
35206
15994
26846
32692
29907
12945
3068
45218
27598
47212
26174
46030
2962
5862
25523
6579
7995
22165
35857
20192
7758
36289
9215
21084
5803
2422
20345
4283
44918
35434
2104
17725
10206
11959
3892
9342
36711
40213
44427
6473
39353
2508
19715
9067
42626
42377
10993
39229
18383
44237
10818
28705
26538
22847
12565
3779
6417
4039
48567
11697
1570
9545
41841
11078
11731
32363
43104
39250
25790
10085
7545
11896
45013
24447
40031
12003
2734
20377
33575
45118
23465
49998
24426
28568
1440
5469
39194
35576
7363
29513
36821
2887
35522
1466
6079
35201
44302
42391
27613
35339
12421
36625
3504
7124
31181
11212
25132
5683
1952
19913
22703
2013
38110
3338
45829
23089
26775
3629
39884
1497
7818
3080
48618
41049
29304
36646
7143
30746
2389
23355
8812
34304
37601
31602
3584
47629
40853
27794
2652
7403
2702
27317
30764
37543
9238
40761
8694
28756
14844
42915
3509
11286
8591
19596
17959
9336
5341
14104
9500
34303
8190
30793
3771
17214
41963
39447
10319
13611
10682
32015
19683
36022
38905
25788
31760
42685
26761
29642
1458
4045
11883
7777
13492
7804
26183
5430
8428
6378
11959
23559
10102
5900
19079
16544
32222
44252
33920
24342
26696
41010
27944
32899
43321
9796
38618
40443
43936
45028
11385
6482
5620
16135
35841
44864
38418
4012
10617
48072
30414
45225
39974
2233
8196
43157
3272
33545
7527
49432
21807
13362
5570
49030
8237
3676
31797
7227
43409
23348
2904
11154
29996
32166
15365
1359
14112
49456
1395
8164
22034
30317
27692
10510
44025
13102
12630
30189
3711
28127
14211
36560
32690
5171
10383
41628
44100
29628
3057
8065
37553
41127
26456
4933
6578
27645
27830
22240
8130
5760
17270
7750
4217
26117
12280
41155
28930
27762
7735
26811
45590
8431
26882
8279
6322
11613
10007
26375
7642
11967
35094
43440
42359
19439
14965
3226
33425
23925
6970
6199
7083
8996
37168
18909
36661
6417
8223
42112
22170
8971
44459
15217
38109
45509
12491
36685
40454
2608
8514
30540
23485
19315
30299
40711
35500
31573
4587
16869
36446
13943
8275
8661
43460
41010
23033
1263
39951
40520
44844
7241
15478
45872
27110
16138
32918
33333
19654
5153
29036
27988
2034
29433
1247
7669
14818
15518
17027
4843
46595
34511
45558
29732
46287
1866
3562
8449
24752
24686
19895
43293
4516
10023
3033
33946
30858
38763
4439
49625
4889
11375
10211
30553
21270
22173
18807
19367
7798
36488
4753
3370
36644
18999
35245
7439
46113
5917
10402
35544
17861
38651
33916
16504
45777
37734
18150
25764
49536
41852
7167
16427
31261
15740
18803
39022
7694
37912
9626
13644
1005
32885
3605
45800
24747
12552
1964
45370
1080
33192
22693
24961
13964
38489
43353
20039
40471
39418
38241
23153
8586
22568
3245
42699
3803
9767
19747
26202
47217
28867
17010
49444
48690
23095
14218
4576
19806
29902
24407
35360
20615
1502
15732
17754
11386
20297
22476
24298
7714
29862
9657
1567
19733
5749
6716
29675
27399
40940
28736
4582
38131
23950
11833
23041
47880
23562
30070
37236
7026
6864
4077
10974
24791
11668
13865
4395
9535
8830
27712
29888
3207
21490
9033
35121
9335
34566
7570
8254
13806
3023
37631
6253
26308
11418
49933
20601
2629
25696
5410
34466
8535
23651
20857
33676
11869
29769
2688
21239
5266
43968
7982
14071
39122
2761
15165
21342
4596
26627
22926
12626
15444
15780
17604
1751
3921
6859
12044
27091
3345
20640
5674
34153
1600
34328
28124
39400
31776
1982
21718
4846
2388
11389
5269
1622
4406
11273
15615
16644
47636
11847
14347
46471
9180
27618
45245
7426
15249
6161
26710
3448
9925
22217
25059
30604
19723
4657
14074
2288
38636
3608
23425
48924
49674
49296
15483
11500
18921
7519
47704
27702
28764
25042
49232
3140
16261
46816
26125
5740
16741
9434
20377
15342
5505
28419
8115
8013
5814
28811
17695
36764
4951
31340
6195
44451
32469
21963
32573
19910
29968
18324
20963
39892
44801
13861
1636
11898
18885
9701
27689
15521
39994
20935
36273
36384
8803
30422
9632
21991
15706
36988
48031
26260
24109
23983
42954
15049
1542
16908
6293
25120
1265
34895
8638
40835
34966
13358
20788
13778
18671
25212
2046
35017
6445
42759
1982
18440
19400
25129
16627
28127
41807
12022
39835
19985
14753
21249
49958
29463
48965
1231
6487
12121
9411
14871
25012
30980
43053
25265
48859
12663
23234
48053
24000
20844
6833
20298
35056
8088
6098
46633
8658
42850
42030
5659
1783
48488
5461
13514
8106
3291
26311
36394
37169
2025
5191
13465
6498
5269
38465
22985
26850
6636
34351
46437
22928
7465
4036
15350
42979
12853
1197
37308
45081
25191
16405
46157
37319
2071
18040
3672
45098
13234
7891
12348
16567
27759
29314
8714
8097
37781
43151
12686
36814
24922
24550
10463
20890
29481
25198
19027
25014
8902
4555
35497
30301
7574
24045
40415
27326
49174
16930
7876
16082
14600
41480
6174
31993
9598
6226
4221
45282
34482
5624
48782
4855
38365
16841
2129
33287
40473
49082
4379
7283
6277
29523
27889
31706
7936
24707
6968
1932
13015
20241
6649
26705
37648
47891
22497
36157
42387
15749
43059
48526
5068
43463
33814
36445
18556
40192
39144
8614
7443
7418
39644
17276
27938
2598
42679
24674
34326
43498
2165
7198
6243
40395
19002
26190
1552
15858
25016
47852
10021
27257
49829
28875
11834
20062
12927
7123
12130
30708
37170
20009
48114
8076
10356
9663
2529
19625
25604
16583
7651
18681
40008
40274
29738
42145
12501
42613
48381
36759
31332
18754
48309
7884
2534
29299
24493
23941
43278
45995
37800
7698
10685
38020
12394
29739
11437
17158
5201
29087
3692
7730
45790
28207
36451
43173
21729
19789
31707
16277
48297
1981
8112
34784
30452
34912
29348
44847
34776
7092
5562
8982
5032
46862
3936
5638
18252
8208
1036
26294
10181
9926
13573
46957
6751
12970
31965
41812
43086
25005
23099
45420
8197
37079
3204
9608
19421
25960
40309
24388
24401
11593
15082
2834
3461
26557
28888
49963
32890
43005
4164
8626
21681
44648
29422
24641
29822
46823
35074
10958
1285
3373
9007
1776
27398
41649
29567
4059
25840
29036
32434
7641
20555
30366
33899
11954
34233
34351
3257
5063
39447
4274
24457
22800
5611
13333
6646
7813
25784
8768
33742
9159
37811
49810
11200
3400
5894
11459
40247
2453
31290
20192
28231
13649
45988
23007
21998
7792
3047
33811
9792
12270
43692
20563
5496
10542
45751
38441
20872
10413
3360
29955
25271
4549
11795
6257
34292
2202
49390
35004
18708
11774
27569
38897
28663
11803
46048
2887
26893
26339
43354
30903
17467
42108
30558
25278
15282
30399
29840
4276
12275
39984
42060
46920
28005
21507
6004
17944
30274
3182
29038
5317
14771
22923
49670
13907
41180
13520
30548
17661
38248
9859
18928
16874
4210
37685
34148
20090
2448
7994
31614
8440
6345
19449
9548
39808
8072
12315
13897
4414
15688
32557
38137
29149
48782
17864
3574
25956
28285
16711
7338
4700
7456
1173
12669
37227
5032
33673
42435
42622
36661
22557
44039
49497
8908
3375
41870
9740
4259
18465
6163
5718
42739
2575
13600
10916
10035
49913
41512
4394
24032
9263
16516
24800
44134
24014
9626
18396
6239
46964
5419
42154
6623
26389
1449
20853
46143
18514
7805
3963
24226
6728
48256
15831
1543
1371
29474
47817
34817
40138
47367
4676
34683
35544
37245
21130
46619
4514
6393
8129
44115
48855
28634
18985
1452
30379
4128
16983
13730
12916
14993
10934
35320
6675
9713
2157
23590
13721
29199
1987
47146
9963
2862
40532
36677
27611
9341
6370
12586
48885
49150
26179
45644
46928
36699
22313
6395
12235
7962
4123
18757
7318
45008
49907
19231
24964
35009
11367
23469
23120
4252
18687
42425
49754
1921
14508
6705
48581
47525
8770
7333
41065
15966
22736
23170
5717
6776
1882
26788
16768
8288
22879
6117
1001
4320
13429
19875
37174
27474
34685
17302
42024
7195
46184
48466
21828
20771
15475
42092
13968
32199
5122
40915
21839
20779
32547
24740
30861
22150
27060
15957
43479
4693
17531
16304
15774
26088
21040
33930
3880
3082
31095
2644
33475
45505
7877
14825
13307
29053
43409
2929
41111
14779
8825
10294
14914
29507
43459
31067
35625
5874
8881
36446
5345
17573
23531
33538
29297
9353
39825
30190
10428
1488
3087
8819
17848
38903
18819
10550
16212
40369
41503
33350
29745
22148
10207
22559
3136
4118
23023
5689
21670
49128
7418
5922
11285
25483
5632
4280
40507
7502
40789
19771
17499
14618
30008
19800
43088
5831
13706
28780
15363
18981
12493
16768
30815
46498
18222
12852
43333
1545
29277
16686
42776
45300
7357
5675
2285
6180
2073
5780
12495
8493
22690
27802
8499
49024
34944
10147
28561
7601
28160
38718
7021
5647
42908
25324
9209
30183
10752
49808
20121
2230
36463
17629
46378
4464
40628
20241
16299
3421
17616
12728
38069
5372
42898
36680
48008
6875
46083
39914
23160
18838
38475
32758
23063
2968
6274
19037
17948
10141
17607
48225
45494
16640
7942
45050
20762
26146
26480
28694
33198
33345
2336
9508
19203
7357
31457
15890
41763
2380
5574
15407
1276
4202
1729
16978
36621
49863
17933
12577
5826
40534
9480
4257
40500
5135
39588
30119
21674
9139
43392
6392
29316
46873
42788
16029
48425
3989
25650
29610
25653
7499
2122
7540
5496
26240
37828
1389
38289
12609
17876
22799
38428
39477
3158
6958
6383
13674
37288
7066
32066
7424
2867
8161
35436
48400
2102
39510
39423
38559
31642
29952
22369
23696
6459
44799
5252
16650
1461
2055
14791
27618
47354
7489
5086
22397
18007
7487
22511
31694
10085
17911
14339
2854
42956
20287
44917
29984
26744
18590
28955
1834
4294
11543
4838
7404
2179
31407
32132
28660
5211
15838
30085
18602
40401
4852
20210
23423
28940
7959
6080
33310
34012
27119
5858
26169
49565
13452
2133
36363
4727
20724
6082
14695
6247
41752
19802
15059
35250
40945
16466
13910
46717
40431
8707
20650
16116
40111
21820
8727
14844
27281
20950
1339
11645
8586
26942
33849
40983
43690
34911
7065
9375
34329
28124
4600
7154
21246
48771
22159
19357
15401
48859
4152
13385
8870
7470
35719
5954
35268
20735
20914
7019
28026
34335
45697
21300
32152
7871
49945
49792
3499
28812
5044
16813
6076
26016
36657
28292
5630
42429
33738
37054
36455
28865
40233
22616
28064
13273
4640
26331
39079
9145
28392
39441
49018
3318
8645
29795
26075
17470
6384
5453
4935
27946
21593
23065
47149
22933
1739
23944
13851
3076
38688
3608
24318
8461
45744
1561
11415
11456
36819
42869
23418
44933
49102
14313
18484
2311
33366
9611
41380
8448
7162
16787
1641
5175
20296
20184
14875
3133
16879
23617
17727
6015
25254
44491
42168
47846
8953
2126
24999
2369
9765
21943
21334
16856
1614
35139
11457
20324
31391
1889
33026
3485
29400
2872
29915
2881
9183
26236
29136
8166
47765
33619
22310
8672
22761
4445
1451
4722
19424
44234
16036
16369
36787
49202
17099
14668
38227
18541
26867
24924
47584
8952
13504
49260
37449
41247
41260
4051
28196
12161
2851
18243
3648
4003
23353
45242
9560
6915
20553
14185
9393
18146
44406
3912
4609
23346
34532
17911
40152
21840
16765
19014
15522
22866
29061
27279
9314
47897
5981
32956
27765
21567
30166
40195
25755
45914
23113
21405
37835
36423
31873
44523
16119
34720
7806
48130
3546
2133
40933
28603
10369
34578
1305
4345
33791
26766
43558
40044
2475
1813
33032
20187
17553
16555
31136
41639
23928
41052
36937
21804
8693
18923
45704
49979
21593
35378
7420
6921
17786
3247
37525
20334
34173
4747
37596
23441
12275
23259
3178
9541
37359
15039
5965
34208
42476
34567
43788
11413
1620
9087
32113
3983
16295
35092
15668
17121
1773
6805
5513
44859
34387
44065
38153
17038
28598
8894
27933
26875
46962
2174
39356
25072
21345
29346
2825
3803
26778
41682
11275
1566
33062
8603
1503
30073
10705
8424
13223
47263
5117
1728
5249
1250
27143
41843
45302
3102
19035
2149
7775
13978
22800
38610
8248
37760
9540
24291
15212
27789
34044
5044
8975
17671
37242
9788
19994
32877
10326
14073
6699
43765
6633
4632
25181
21893
8530
11217
44110
17872
12115
19441
2134
40451
16746
4445
5149
36812
10746
23416
41972
41926
3747
7782
8431
23422
8977
8651
29359
11028
20954
23086
19958
3088
16555
7024
1049
32766
6526
6971
43429
44751
12158
29771
43734
4984
21839
29509
24809
9168
37453
12597
3828
30844
29097
9030
26498
13762
11545
1993
5454
39220
3961
6872
39563
18243
24798
2158
5995
37325
35922
40559
19039
3465
38768
34812
26057
21520
3894
46727
38969
34950
29706
5637
22960
33700
28050
6444
35808
25472
19202
17544
18320
22743
28228
2800
39683
3668
38707
22242
5191
25768
43238
13763
5904
33039
46826
20640
15200
24849
1642
2730
45893
8223
48917
17163
1447
8256
24176
27931
39740
23817
18151
49296
3392
9030
7257
33243
22471
43552
40601
2666
16911
41829
4891
6523
4071
47179
32285
7394
1058
1810
25987
24591
47159
8030
6556
25460
10135
37627
6964
5322
40154
17828
34910
21265
45646
34258
13778
47259
4845
13611
47611
30415
27902
48681
2046
19104
45412
19296
7489
21560
37506
23046
31357
6499
15707
40330
18894
19358
19087
40714
10228
5742
6921
44228
8660
23748
16533
9500
14640
46893
35565
7313
8182
41533
46235
33849
20183
19975
29984
3937
9909
5494
15186
9455
47259
4997
9583
6653
19951
6711
39064
42192
47966
6491
49563
6735
3023
36186
5635
8307
17903
2799
40160
23576
37804
8160
1925
21277
21901
6410
24122
45386
19313
21084
9244
30927
17004
25167
23306
32547
32721
8058
15546
17517
33666
13178
2576
29521
17251
7797
8323
1709
35756
11396
4464
3401
36342
5249
7593
39133
18978
20608
1259
12287
18543
2880
34145
33333
8698
11621
48874
47644
49680
10336
43655
3765
2392
46524
41549
30018
15942
3960
24817
9256
5397
6198
9112
43113
14458
32367
25790
13320
8072
31521
26131
34467
19579
3773
27398
2548
7778
15627
48565
11414
27548
5013
42978
7982
6810
39200
28943
24147
49228
46510
2736
13200
32904
23526
29731
32704
30352
46958
10122
14577
36476
8621
17090
18556
43101
11621
2835
8439
5780
1910
3927
18280
12526
2038
20820
1674
19832
25477
5442
12898
41278
6268
9374
19005
11862
37361
40320
3624
36983
10997
44214
20805
7734
7735
49344
7439
44834
5348
38216
37642
2325
6858
10406
45469
28235
31166
12421
12602
7212
4416
5320
11885
6628
36313
46608
40146
39158
4708
14086
34392
11501
10790
26255
9357
12979
37712
25455
40993
6201
36519
15498
24614
43979
17129
29317
15677
17827
12613
28394
1544
5217
14141
23044
21184
15925
39932
14341
3052
40396
19171
1286
5337
7159
15566
26765
8812
44575
9073
47185
22116
45129
12405
18600
10164
3853
19845
2592
3291
29922
33849
12626
44902
37616
8150
13204
31569
49929
1967
8792
4528
5684
4646
25181
40718
29412
15335
28546
2012
29175
10277
25944
18035
29551
19517
3076
49009
32209
20108
27726
38338
40541
17096
4516
13515
25074
42551
1312
46553
7020
16857
2126
13341
3535
28792
9077
45701
49586
16941
46598
20691
33590
20442
49117
2951
29091
2811
4674
38748
21976
23641
28128
35668
18116
1103
23180
20269
41901
11201
15465
47199
21980
22384
21214
19084
1282
2743
16645
42090
9676
17974
5486
46066
30507
5535
19120
5943
8595
21891
7264
45964
16680
8724
31981
14682
46322
41567
49812
21398
10590
42952
15199
3700
44732
4028
8584
11687
33523
18774
49961
7462
11723
36296
23622
17590
35183
16727
18422
26438
14083
14071
11204
1523
25867
8097
29224
35565
38159
45868
27759
35005
7930
4431
37866
15660
34079
6713
8473
44934
10390
7500
34113
47740
32659
27494
24520
3237
30341
7148
40771
7952
9946
42221
20766
3933
31880
7685
35242
26759
47566
6015
1521
10131
43426
41584
28845
29056
47990
16545
3648
16009
12489
42932
24286
19408
35104
19906
9625
23739
44804
3000
7704
36914
32557
22547
35197
13480
9664
15616
9326
42120
12452
37621
43798
26802
27261
28127
48723
36424
6653
41160
37455
19424
10742
5966
27551
19105
1284
24615
47319
2027
37474
16959
27791
30758
9024
9320
13420
32180
31684
21030
21893
24302
1741
1294
14463
41399
25498
32927
33054
41507
12435
1302
16302
4224
6810
14655
47996
23939
25957
44471
7626
19752
23748
17843
13222
23492
28779
9667
16987
9700
22399
22723
48917
25185
30115
40963
5588
19788
6012
38228
21790
47170
37794
3105
46151
5033
34302
19586
14527
20391
29342
21554
8218
41177
33086
24233
22076
4049
10026
31587
8649
40994
25314
26401
4884
17341
35156
24523
12479
17794
48806
33902
44407
30665
7574
8534
14619
44227
4641
11745
39137
23718
49359
11557
7215
23458
46714
1970
34231
3348
41101
26136
3382
45188
9155
37688
3979
29426
1576
42253
49926
12418
1470
29840
22176
7852
25154
37464
38253
11304
21406
9072
11512
32480
4972
10774
23595
6053
34748
26567
16618
14605
13473
5759
3205
5721
7918
14712
33223
2931
43716
5962
4343
21581
30437
10385
37921
34672
35328
23587
1782
16008
5167
5142
18133
11989
21158
20095
10213
39536
32703
40494
8450
1057
41628
27746
46382
19039
24968
28375
39090
7277
2599
11619
5116
18102
2068
1504
7173
1401
3057
9543
3123
10928
3892
48220
12211
38275
6480
23352
25547
13769
18605
15939
45864
10116
27135
4241
8906
49279
43436
46504
49689
12514
17903
26173
17645
4453
28124
23169
33674
12659
23718
22966
7966
14311
24607
13730
44264
46440
10531
6082
7072
9767
49068
30192
47253
16950
22812
9370
35426
10636
13251
21476
8744
39918
41460
39850
1833
23839
20268
25128
16570
3663
37529
7331
6800
9082
40741
25433
38250
16139
23042
28547
23102
32556
33740
23945
9315
40357
22944
46640
26074
8194
15820
25424
6586
21886
8924
43678
34586
36553
46039
13658
18114
5816
24255
26831
26042
7309
1982
17277
23614
22996
45400
3864
43432
9846
31004
7488
48789
8786
7253
5615
3188
13581
28229
1655
15280
40719
2021
14302
42331
48642
38733
34308
9083
6410
4191
12568
26687
39064
2927
31204
46888
5493
19431
12193
3625
36037
37564
5807
32720
1760
7182
17362
43104
35526
13402
5285
20182
32206
4834
7512
33700
21253
46644
30256
9463
7812
23537
23200
10527
2530
29052
26460
19613
4238
1243
22423
25142
34516
36526
3668
29073
42629
42726
14068
12742
7735
24939
1749
22810
3696
30725
20356
31716
44316
35983
41261
5637
9272
5019
28525
1846
32417
47921
48922
46189
42506
17038
16188
33855
1364
5781
23362
21882
4537
41473
30745
28414
45810
41363
42133
43533
35305
4255
39368
8178
42944
10555
23940
33054
17938
37759
24723
18759
26850
8178
26872
37008
22295
24890
1271
4458
34912
7893
48382
39995
6364
1440
32924
17250
8851
2851
8543
47277
44503
23325
6506
2134
36017
37731
14006
49076
3884
18307
36177
32490
3357
40463
39944
20520
16605
18004
38216
34600
15457
6772
3999
41832
31901
35464
15208
18329
5770
23177
5123
13467
18565
17646
40354
7468
4663
24278
9492
22987
7060
35992
4433
8133
18966
11213
32177
2639
2679
16101
7529
6230
6030
8382
9343
19835
19205
15836
9489
26502
22415
2378
43783
16372
31157
16498
45310
12218
29390
17752
3016
10966
3394
15283
16087
27596
32047
44300
3197
13493
7701
20239
7520
15735
34230
7931
45019
26616
7848
24482
39192
44968
15993
3420
21381
7762
7464
47625
44692
18574
7429
2184
34690
8180
24962
4741
2164
23012
1432
37282
2258
30027
8496
7772
40424
1767
12558
33238
4776
7709
4808
5815
15824
7880
5825
48995
46802
49840
14038
32991
18997
10686
2350
13479
7856
1942
35311
28711
32960
23218
1687
11603
25280
27830
5853
27312
5889
3221
10130
2326
38247
16556
5912
14975
8499
5436
8361
4334
10386
3778
9716
38454
19694
3385
16127
2230
46760
34089
22199
34477
9202
30785
6917
37205
32633
5836
19411
29605
14454
5152
8183
26538
4380
22185
25801
21411
36006
25088
40019
44364
8875
45979
6966
30180
9625
13120
19009
26814
8719
13491
11758
26351
32394
9139
12280
14857
19349
1905
18115
10638
34398
34890
45309
1126
29067
7919
1764
6916
37736
41052
16606
22319
10979
7428
18395
20346
8449
26963
5511
27883
40434
8072
24428
40124
3740
47278
21952
14375
12973
43521
3374
24065
43547
47820
1703
24933
3292
23722
35209
5551
9649
11668
6291
13488
8294
15066
1884
33541
4067
23982
30277
16357
25503
3307
25486
23336
2565
23166
8512
37603
3078
5310
8384
18319
48360
3527
1680
26077
8212
5090
7088
3785
29634
29847
6538
9347
30795
29109
14729
34187
14164
27336
35592
42581
20298
35418
24195
2735
32359
23437
38430
14775
18494
5729
2325
25063
31706
4717
26136
11859
30597
42424
33372
7914
17134
37523
32940
20121
27157
14906
30644
2700
18092
44449
20343
25617
1078
26257
3310
5741
7722
33357
21110
1417
14585
20175
35730
12640
28761
8855
25922
23323
27257
39066
14202
26807
43863
12382
14065
15436
24380
5878
42088
7583
21727
14675
48201
37918
9423
16171
11259
6268
26765
16590
1268
48769
19843
11414
9932
29550
16409
13963
43307
29891
1322
7983
23082
43947
30079
15759
29355
25183
15691
8026
47250
13290
2131
22766
8616
7272
33132
19468
12672
29764
4384
2131
10564
27535
41188
9689
2119
13484
41960
43732
5651
20554
15342
11918
38622
2944
9000
34328
14252
2901
39520
32171
43646
3200
5750
11518
38444
24138
3342
5041
28597
36907
21907
16627
3404
43123
11317
27666
25613
31874
29054
7478
24033
21214
37418
7593
41119
23997
5717
44770
7042
1292
47143
44000
5470
49594
19939
14383
31509
12948
46504
25189
2513
19503
31462
49505
42598
7949
36431
10369
11792
3046
19478
45607
16028
20337
11786
23934
19366
12888
31918
34056
5234
44683
30831
14047
4249
13098
9274
12013
14131
4760
48758
30232
8827
45162
37321
36681
33270
1457
38596
8984
19700
14935
40880
42099
13962
4378
43449
41231
22319
14359
40397
16118
10055
38151
11874
9205
19535
1366
12884
16857
21116
32359
2638
42672
49378
2050
38457
10668
20182
47874
8156
2192
20832
28126
41488
29846
21994
16631
6944
8458
2936
49754
11202
8087
19902
14147
13638
4123
7634
44823
44058
28200
24212
7898
3291
28184
26242
47058
3121
45622
23440
47050
1783
35292
11924
48074
9795
8646
11495
27063
18664
29570
19063
39173
21073
34584
14434
3600
9808
41834
14299
16507
46933
2352
41609
34353
6689
32223
20677
18628
43081
3284
13980
38240
42399
25953
16626
39824
23751
8956
8383
16183
5378
30757
4846
44769
30357
8903
38575
5986
29322
45613
24005
6399
35601
36315
24093
5563
5525
40116
11243
15747
13052
35709
11804
6906
15595
49898
46533
4280
37144
4234
6422
24857
33359
12755
32973
25199
26294
3650
1401
46312
8766
42966
17011
9223
13645
6514
16066
18052
33962
32553
7808
13221
49041
21763
29595
2330
30479
8479
7707
46062
5024
30574
19768
25348
27907
12626
24956
39738
12841
6324
37369
5209
2654
36923
3518
2003
17845
7434
20928
30707
31576
4729
4527
34853
41843
4726
43087
42095
12026
11196
27236
22107
24064
20390
31354
19675
5348
17022
45804
47488
26661
16261
35004
34534
33568
36048
20152
29615
12861
48194
34180
1423
35306
11919
10029
21660
9335
5736
46561
36221
7576
42595
7268
21948
8124
2609
37277
9642
6615
46131
16945
8388
40899
20130
5698
42219
47096
16862
8235
24646
31153
36199
1486
33270
5058
8722
20143
32817
37066
38776
1359
7942
37277
4131
45561
24164
9692
42477
16757
47945
18127
4510
43246
4631
34101
24993
23082
3054
15592
26563
41057
19894
28799
27545
15849
1815
38473
4235
29212
19716
14460
13394
35400
24030
29318
18430
21596
25519
13061
5992
3091
5030
20056
45992
29014
26848
20432
4408
21135
16238
12645
44951
40915
44475
40149
31352
7085
37938
30315
33367
40851
23024
5271
7268
23461
6251
12807
24101
45565
27867
14006
13340
31149
25320
27190
19526
34265
18810
18805
37426
27050
3192
12874
3841
28084
7917
19603
4706
12612
20350
5821
39646
13289
17948
11336
31143
4335
46285
18791
36029
49526
3097
4988
1772
48534
29795
9360
36216
39692
16411
8124
8441
32547
33939
25009
22409
48782
1505
4164
13676
46259
6951
2361
7164
31892
42656
2445
36955
29915
3363
3531
33667
3248
43333
1717
48511
10338
5778
7396
15769
14056
16061
9831
6520
35867
1486
28667
36574
42414
2172
20551
49057
2161
6640
16001
8632
4680
30949
2572
39732
2955
21668
27337
20386
22815
4861
34339
47673
1456
24250
6826
4115
11759
36904
34808
48660
35362
45511
42396
44808
14136
3931
47972
25641
22249
28736
5957
9476
14997
2934
15863
17244
4048
33562
10119
39326
26040
17186
27369
44726
23867
7256
16048
30947
23814
13975
33380
44526
44577
21587
1305
40099
4457
28389
23258
8967
26663
6809
2722
1004
4112
39638
47470
24900
35330
9725
28302
9483
10135
30535
10722
26497
16614
9125
9550
22615
13288
14405
10705
21161
14074
47078
17375
25475
2383
2476
2409
13511
39461
48873
15572
10424
7168
33206
16624
1258
23651
12884
6069
39275
46203
24276
5918
17064
7105
22895
27308
18996
31858
17832
47672
23887
11877
40037
22920
42975
22377
10811
10418
35952
31558
42809
49586
4976
1132
30657
47436
39697
12138
9050
41491
23317
9731
31365
6810
7870
7962
5501
13875
17599
33439
44900
48504
18758
4916
26682
16591
30364
19616
18956
25802
7776
45178
20395
6694
47928
26151
44662
13177
7538
5611
11389
3779
16957
24777
6436
27216
22433
29245
22882
36742
3398
5808
29682
2612
21656
13482
26856
10485
3853
48443
26416
22122
27276
19965
49537
10281
8311
19898
41422
38740
33090
4955
22231
14910
20026
30856
1035
48764
22052
4282
10405
27549
46156
11777
3658
18345
33971
33695
23547
41312
36875
7348
7669
21788
1804
3238
28647
22979
20096
27249
29343
49342
49116
6532
30953
11091
7564
49812
17290
14823
31794
48466
6850
48741
12280
5246
23509
17941
1160
39186
3093
13554
8471
44825
1380
19857
15781
42139
6538
32621
49105
17830
4778
24035
13141
48635
25252
3226
7468
24222
34622
26674
2953
8282
8243
6183
14274
35542
6540
39906
28130
2570
30953
23444
5188
12977
33487
14499
4808
1703
27051
18174
2959
13560
10813
3256
9202
7559
5640
35740
20442
45804
9743
8930
13467
33634
25679
32360
15422
41174
6679
8379
1045
39829
30792
10896
2006
40782
9106
15550
33645
8530
5554
22037
19835
3279
5895
39317
2248
2718
1083
32123
19562
47944
32525
33066
8760
9968
6004
5888
4637
2339
11945
24981
36951
29905
28200
6093
46438
24618
24252
29751
6239
38734
27618
47970
35430
8439
20611
19358
13438
36214
28200
11001
6178
21317
9965
35537
22813
20787
30914
38725
44990
9053
34107
1458
39880
6926
22463
8940
20833
9864
16616
10193
46913
12291
1638
37576
33575
5950
19695
20778
39938
40666
15976
13796
22515
8191
49953
28996
24569
23210
43896
42171
44548
15046
9627
29361
26175
12464
37965
9618
7155
32091
24943
8876
48521
31298
35254
18966
44773
6782
26699
17597
40000
13239
1201
18935
4323
16840
4791
47682
43008
3747
6932
3869
14419
41538
23651
24504
47402
5180
4603
29571
39950
36389
46956
8616
40248
16792
40786
46034
9119
8548
8132
16070
27472
14722
25773
6222
7781
43677
16725
9259
9155
1166
12386
48094
29991
12692
35609
11864
48842
27922
20917
13514
9305
44428
9777
27382
17481
5884
35951
34652
8200
28581
7636
12289
38311
12818
41283
46068
46605
21547
21433
21726
6328
12409
46383
34758
38444
5678
18411
29895
5016
13857
27037
13821
42587
24763
14467
10082
16441
12257
6094
19961
20853
37262
32657
9799
8302
28724
43139
24160
49182
16646
9757
32670
29172
10976
40607
15911
20498
24532
8930
6966
35397
24839
21889
23877
48382
21063
22272
16242
25916
13035
21766
47043
36658
40711
6853
23661
7806
4666
37081
11207
44749
23845
14346
11106
21105
32088
13346
34405
8998
1796
36436
1071
45443
1324
24195
4659
12039
23864
28742
13620
3602
13904
4685
23272
46064
7233
15132
13502
6056
12835
46074
23120
7728
28508
12421
16548
21038
13948
38018
3878
13130
16642
15816
45579
4839
17586
2988
1245
21706
27145
24020
23243
20682
24147
26724
1010
43560
18260
15433
25175
18928
17439
36473
14228
6578
25494
30968
49341
46830
31941
28846
9377
10850
35963
31530
32420
10301
7361
1891
28461
36007
30478
21706
16866
20162
28664
22867
23604
1744
31602
15336
14646
7074
25028
47548
13479
18786
19273
3759
16331
35872
8816
38207
8352
8576
1444
37277
13688
42686
9615
1260
27986
19359
21422
1424
45673
2521
37431
27754
46695
47401
42101
22873
5615
29157
22463
5704
13377
11069
38332
2562
45064
34846
9787
47074
28301
18104
1943
25000
1468
16071
23398
10836
9374
29127
39948
34290
42921
34458
37766
30227
27545
6986
47303
7507
17152
18005
24809
16420
42009
7207
5737
11319
18060
48211
39112
13143
5193
15001
11795
25567
9991
48137
10258
28325
24154
8427
25089
26757
34031
48575
31644
22677
20987
40968
39227
3256
13215
17817
37862
12505
35403
34713
24865
34525
5216
25409
18964
4557
23505
15038
23604
47863
12640
9865
38351
21011
45368
16461
43811
29113
45640
21732
18423
37143
5593
37172
49567
13370
26143
19881
2553
20955
1027
3199
3740
28730
1944
8926
23610
38466
40634
37732
4148
24817
14142
5996
2616
15414
10816
2074
43532
2181
22668
4123
19425
15240
31308
29355
27998
25249
11228
22350
1669
13402
4902
39522
45964
1608
33337
28466
47158
28957
31555
14998
7662
1687
9816
1327
6147
3289
13581
16546
22770
45426
22509
44131
22899
9072
12723
7253
29511
47237
14164
24328
7472
36114
9956
49122
22519
35987
18329
34050
34409
4199
2851
47673
3566
19039
29233
38785
39222
20185
39656
17568
12536
1508
18121
18905
23520
30263
43698
11269
30480
24218
5714
41820
31157
9831
8028
26099
7284
16664
11397
9752
21626
1354
17570
46877
25487
20653
25314
5502
27232
26307
9662
21429
47726
17753
1294
42534
20972
48073
18436
48620
36356
34469
2721
9443
27432
9332
18306
41161
7604
25274
12388
16899
6419
11779
44418
33521
3499
17489
47522
21430
2526
23274
18793
10789
10508
10542
5399
7963
6514
13490
17857
18115
4160
24423
9228
46033
44946
2226
18618
36865
40826
32250
41946
11906
25788
5950
1518
25347
8731
27789
31710
30932
20719
26693
9955
11353
11650
4051
29700
32414
28408
46232
4611
10039
4291
26705
48634
11598
46356
14487
38315
5807
9035
29237
34258
42307
25383
2319
16680
6281
33824
36524
38663
7979
26968
42215
46552
28298
7632
18324
25411
25520
40127
6633
3817
6272
18262
40080
9727
3369
6974
22043
23649
16090
1165
6178
13859
45863
14141
2630
25101
20535
29897
43852
44423
26783
29846
14164
27789
32765
39463
42127
39902
17657
6046
39220
20482
17383
31499
10963
30585
26251
2349
1875
27098
47339
6152
8516
43478
23452
19186
16548
21835
11958
5380
25888
3596
21179
24517
38662
30130
29582
4384
39730
14577
7589
32183
2179
11800
34483
33066
40312
32940
7987
48007
16974
39255
43935
9335
35409
30944
16342
14126
47681
43373
1154
11153
12352
23269
38640
46110
11274
2472
3448
29780
37352
30205
15781
24963
31359
14406
3545
1063
36141
25170
5106
1702
28394
11421
33011
31039
46834
19905
3930
14987
21723
19120
9445
23344
11323
3121
21733
1932
22997
11288
7877
7669
46401
27227
9115
46060
37402
14160
18248
34082
12836
1541
46836
9566
17432
38590
15136
26111
19109
2963
11625
18570
36696
42006
6348
8151
16801
9662
42016
3040
17625
48717
46927
35650
14621
11441
21274
17061
7940
1973
17935
6305
20170
25688
1953
3503
10440
2348
45852
5507
2499
10496
33142
23304
30526
49506
24264
48259
7247
21642
17610
17472
16177
25652
48189
3051
22973
27700
24386
28458
6787
34863
5935
12109
9938
17072
46208
14236
34197
35938
7192
11181
10538
35329
32213
43368
23961
32558
2497
21361
2867
1309
8027
21210
46038
31099
24621
5580
27890
4009
42680
43187
21549
22020
24320
44448
26749
8226
4058
29982
6465
15311
46818
47126
41498
43280
18673
26109
41012
19474
15565
12403
22429
13853
6852
20166
29278
7766
16995
32226
14183
6562
3202
20479
38971
16464
3114
25507
13840
24920
1298
34071
9439
31757
8736
23344
25346
1767
33090
12268
13838
7389
8719
34482
38631
33339
48437
41582
11225
30696
3566
6525
18797
35076
16955
43294
14238
14984
19097
14735
47853
20205
38692
6161
8701
1318
3626
24174
9648
30719
35607
5045
11216
4543
10623
1580
4174
26465
38016
11786
45350
18027
8055
12321
6188
37261
25585
8270
32764
29439
26010
8775
35828
46075
8647
24912
5496
5163
6137
48612
9998
5200
13254
34534
24571
12691
8527
48209
14746
11163
9526
44432
39415
44198
9218
29455
10384
12424
11447
33065
7310
46505
18083
47462
31901
2813
5506
30297
5263
48433
1340
22094
3451
1590
1415
43378
2213
43461
15428
4341
6839
49104
21553
1875
41144
40029
13160
21962
33284
39055
25478
19997
38667
1768
32348
13919
23863
13543
16625
47730
4391
5992
4540
11062
31038
46638
34622
39982
19207
14565
9018
48167
4419
3307
17817
25353
35164
26058
40942
9727
26221
39453
29884
47752
15220
7098
21855
11269
19586
11888
9966
40434
10730
44966
25099
7482
35533
32433
2811
15841
12001
41860
41666
7817
13619
4333
2241
12278
37699
44420
17161
16445
1583
15194
33132
45446
2036
11835
17428
39335
5797
42230
4609
20180
10462
26210
38998
7874
12913
19840
23544
30787
32317
24782
19334
3846
28843
14839
28085
7955
9252
45575
49260
47719
3998
9832
11567
1422
15252
26118
24177
36578
31973
5949
8615
21522
26098
27831
43645
42639
23788
25141
18552
43356
8522
44122
17722
31118
3274
24029
35811
9820
2327
49947
35819
46124
1602
2197
7965
15367
2665
5023
8804
11415
2944
14763
43325
31007
11156
18870
46391
37642
8433
5243
10800
30426
10618
5867
1655
12222
38167
27279
45357
3431
7326
11379
18536
45314
29564
7031
8612
41881
30861
38843
6888
4697
24933
16820
39981
3998
20064
1739
39054
11908
23567
10303
27904
32891
3114
3491
41150
21024
31793
48154
5270
46667
44232
1330
30167
2015
4492
35568
29863
8967
48191
9931
39120
47984
26905
42834
36316
12440
39821
6512
9828
4164
3666
20997
28711
15124
4235
2024
7104
14807
30926
3706
15558
16484
1655
40898
24929
34343
3386
15827
4671
21610
2546
37920
17782
28637
2411
1368
30438
26738
25994
9847
1320
13014
17334
2897
8060
1408
4550
22482
15996
39070
4825
26246
16870
33774
4391
13976
21271
36328
6320
3584
2874
42719
44029
16693
2620
46008
17966
33375
26876
11471
30083
41888
48958
1751
22324
3712
9416
30230
4042
17235
23353
30182
7498
6161
7334
6201
38115
6641
2672
38871
9764
3292
12416
31601
34140
37189
41809
12651
11521
24739
38430
28082
23708
24313
13960
41119
32660
38916
24436
47500
43300
15223
28972
29413
10528
32007
4867
48263
10451
1780
44334
32710
39027
8293
35545
2354
9508
9007
32528
32896
27841
26329
45746
33152
48541
26673
28314
48788
37241
9308
5902
10815
22290
48599
12463
13816
26595
18978
5532
34467
44320
24813
26959
4982
1415
17073
4840
2037
15238
12822
7347
14810
18949
2259
2505
4239
1134
21465
20547
30295
35762
9149
25188
24722
1086
29903
14520
37480
23116
35850
18815
22816
5094
18277
17553
44702
16378
5100
32708
47113
42812
21266
2293
22471
22202
26026
26137
21027
8314
13033
32017
47723
3620
33060
15095
5201
46138
4680
43521
47948
33922
35783
8862
4590
16529
38725
18630
6269
41065
19900
34700
8274
25306
2176
3316
24230
48086
24783
7364
2022
25504
24739
5881
10915
19634
31677
13355
42937
44251
20586
6418
2732
8133
16960
42400
15400
5741
18316
14020
19006
7803
30945
26570
2566
42363
16052
21007
27552
33976
31710
7642
5548
9162
43965
23238
24478
18545
29306
32140
10650
48162
23452
30829
8688
42509
23676
3704
28553
29551
15570
9312
49925
7537
3120
40575
15744
38071
29182
9091
42957
9174
43274
30706
43915
21729
5786
23985
22455
16134
31591
8374
6338
46865
16372
28434
8313
41826
29585
41196
41725
10751
44276
12901
1398
14427
5588
20002
26449
29247
14018
45378
44749
6182
3434
7009
6393
9003
33425
