1440
39891
45791
28455
2134
31776
6277
7933
29677
9793
46341
46857
18013
31945
6542
9095
4511
28068
1799
42389
22610
11207
37420
2425
22968
14621
8248
16262
5596
49445
33807
27448
12176
31846
9561
2452
22750
21504
14038
9160
47801
15012
24795
18986
14031
6806
47970
46745
1942
49152
43299
4620
44411
4225
38264
15794
14935
21502
17282
8646
42670
9085
49296
30702
26743
45835
30358
1039
14944
8179
21621
7778
42147
34341
44560
29270
18757
6613
27745
28423
15888
34923
1554
33435
20715
12585
15247
43707
8037
48113
14947
15090
9766
12884
8563
4504
3095
6359
9758
3226
47327
27568
29555
36827
7783
46239
7259
7577
14973
4121
6156
28025
32020
28590
13573
13261
4331
8235
11258
29982
43829
43275
15081
38526
42688
4359
28149
47555
31556
22473
33136
19080
17012
36870
10750
35551
1064
26623
10747
1678
36904
18091
27200
8318
41643
4759
25816
11015
1251
26885
24115
8219
8580
19564
1805
7934
41334
22525
3593
3599
20802
2743
2328
49222
46622
23642
2554
21709
36634
41705
32577
8342
40717
2356
4477
22300
5089
4527
29659
10262
33302
30927
18581
9487
26267
4574
39815
12443
9429
31567
41549
5303
42629
43557
3993
19511
15772
44916
19565
37274
44626
4625
10050
8108
5317
1354
27768
27060
13260
34789
9604
44821
39163
27039
16983
8628
8942
42625
16882
41604
16025
15942
4547
16492
12486
44949
48615
38905
4898
30732
1745
29743
33639
34612
29888
36050
14417
31416
48850
19616
1157
5915
28334
6537
45524
9135
1569
40530
16193
42870
15383
5347
29995
3376
39449
26596
1091
33049
1106
11916
16037
8688
13467
29644
1334
22069
8559
25281
34074
35650
7530
23828
6925
27761
32450
31125
27490
12157
26729
46993
14755
48157
30139
24101
3137
15481
16371
17378
3171
15105
46669
20645
3855
7472
19826
49847
23689
24737
28135
34916
39722
12147
38087
4827
45163
11148
26057
7722
31775
28210
3868
21113
16077
17016
7098
13509
33013
47797
16006
20876
45641
32287
21402
23892
17926
35449
1019
19493
40642
27901
9349
44875
12449
35163
20908
35458
22541
4836
16632
27946
16892
49878
33442
8521
8352
4065
6190
12355
5453
5704
11024
3220
6029
39425
13771
12768
8680
49181
16582
15449
48642
30224
9991
40039
48321
29659
4291
24145
49958
49006
9461
12600
41751
5388
18007
31638
45849
16765
17362
33044
22045
20101
1780
6549
39911
13406
20586
21699
48434
34218
15378
4552
17438
32496
18763
6762
21681
29544
10161
12451
19738
15285
14206
48932
10649
14901
23761
13301
46545
17459
7742
8106
10690
47833
8939
15107
8132
34819
28900
19425
27338
16011
2756
3744
15207
31680
30462
43957
30098
13964
33457
43983
5053
7315
6615
6090
36533
14747
44195
22775
4056
2389
36903
6650
26582
16268
44118
13633
16678
28881
25800
10972
47678
30459
6025
22094
25245
25378
38247
2091
17069
11342
14847
7667
28247
24334
18557
42092
19877
43317
37848
8621
36783
25046
9180
4107
45834
4330
31666
6214
6860
18039
33206
43698
28853
36101
25707
5550
9009
16217
6485
11291
4819
25439
15282
35901
8585
33243
23308
8720
42089
23355
20933
6706
34264
19286
12414
24976
39963
45754
49296
14225
26214
20984
11683
43761
42718
24397
26096
39547
10673
42649
5398
6015
2288
18227
6452
19684
26899
27887
33550
21716
43540
38599
27161
9771
36560
21526
18022
6310
36670
10916
45828
39136
12115
6719
42021
34267
17355
13402
29954
11245
43075
11101
7878
38314
41104
4610
11302
15664
1482
2231
28556
9624
28746
12263
25111
25459
32303
39163
48446
19037
19757
9763
1657
25101
5800
19655
14102
10837
7618
11825
19633
10707
10052
6079
2899
19957
4299
6268
24174
25363
3827
28353
14313
3970
8730
44099
11077
23507
4520
27908
24961
6787
8690
2132
46933
5752
25546
7420
9373
7415
22362
7890
15416
43260
26858
14019
1166
14343
6446
14372
22027
41283
30402
3794
4871
35300
2816
4696
1630
25257
6287
37511
24781
23305
17583
14375
36891
8012
14264
15633
6043
18027
21205
30349
49115
42558
24212
35942
26818
45515
35936
8818
20721
19390
9113
13316
10268
8695
7968
1009
30216
8343
41240
22241
15755
5922
15349
6620
9743
15918
2999
6479
33899
3725
28420
34818
20910
20342
28017
27423
38409
38569
25443
11346
7116
25266
27482
20539
9749
9390
6530
5724
1221
37865
49452
30771
3531
1564
28167
31489
17431
33591
35260
22637
9969
36001
13070
2938
27400
7823
11020
29713
2147
10082
6165
10612
44730
49510
8531
41297
31847
24730
25224
16666
16308
6339
13631
7965
2224
12002
21678
14982
49816
18576
5768
8757
48256
45104
29908
1602
7823
49697
11432
45238
45134
15415
29430
12161
15842
26977
3981
29057
20138
2748
36961
29476
12935
27275
31021
31300
29380
5306
2684
42364
22122
3975
47039
26993
12118
5889
47148
46218
27152
33564
44464
49690
10253
2574
17270
37639
14144
43257
36184
22772
27762
41582
5215
7111
19449
27713
12148
24582
20743
11547
14302
16969
29237
37912
41326
3426
5295
27569
41049
27538
4335
11500
2774
6328
13584
40487
10175
20412
2891
41708
28245
20892
35559
8587
2587
35584
3002
44982
9004
23775
5475
11700
13372
2252
43745
4064
45190
46203
22655
4765
32087
42339
33814
6644
16327
19980
40131
45020
10977
5031
20430
48883
2514
3451
5646
41866
30496
14199
6438
45921
24597
3919
3971
3691
45935
1517
20623
11090
32706
25648
2301
10421
6914
47486
26756
8592
3039
26941
16482
3470
5280
15241
7984
33702
5103
34070
6780
22188
27097
40382
18271
7299
4041
14914
17697
37230
2699
48824
13435
27573
47801
46971
13954
29013
4556
18155
3625
5874
14676
41630
42116
19174
36932
48875
22516
11314
25404
8569
11366
45652
4375
9413
32531
9648
22953
41906
32708
4543
35793
25676
3161
26080
28631
43586
36380
16639
5296
37497
44113
16688
2177
33418
36582
33886
23419
18871
45257
29416
27089
19606
9929
13540
4585
8109
4997
1925
13856
40315
39818
35614
38876
4897
6899
38246
6961
3451
13915
35892
30120
38909
12722
1929
48869
37963
20191
49990
15886
4076
37482
39823
9846
11441
39170
12286
43985
8897
20608
9268
37988
38372
41222
3125
8717
1852
36452
13832
27117
47678
1799
15691
19031
31509
13172
3300
41449
1440
3217
45396
6263
25583
18575
19620
41325
1704
19469
26344
46942
31637
27854
33223
20941
42834
6245
6513
7918
42402
45037
46363
39058
16391
4981
21905
20923
20279
3024
12887
37044
13997
31252
28924
24652
21994
23991
32301
7776
3480
19735
40938
1804
18871
17884
46489
47937
20385
29657
11640
21813
8264
24364
4236
6110
22468
27167
30165
42780
6161
11307
49292
4450
37098
9072
25509
5781
4332
21559
32408
5915
6273
13381
12749
25429
22228
30687
5674
10438
18514
18428
25355
38317
7375
42400
9419
21039
26894
2617
34850
12000
16318
48668
1535
9256
22113
12073
40963
5822
16492
29830
31821
1608
44811
31794
13141
12426
5556
29617
33009
49486
18905
25128
5785
11435
3561
23891
16261
28340
7827
10969
41039
10981
8140
9968
1548
30113
19368
17913
48819
47835
8397
18429
14762
4271
2519
9142
17689
11575
26550
36439
10297
22285
25003
7814
46347
8791
30110
43186
46560
35213
15989
11854
6114
8955
4966
2899
33676
7536
16374
1788
30454
16908
49196
22686
27863
12019
26515
6084
48656
7601
24981
18836
23140
6325
7070
5452
6415
22023
6251
35539
38058
6720
26575
38781
44642
2527
9134
9952
1648
27488
38168
39335
12293
22246
27122
16185
14006
43626
3856
34294
1766
2319
28968
39310
29148
47406
19973
11828
37795
29051
24770
14064
48024
6636
4024
12615
44143
14079
49213
42210
12124
3435
28021
49523
26877
24094
44070
44364
21185
18259
10524
29247
6158
30889
12244
7053
32806
4242
6784
11976
15689
32767
47808
23666
41298
7213
3457
25291
40960
17434
12545
44030
13920
35284
28566
21271
15203
45467
15559
19776
46700
25311
8321
24026
45335
37513
2577
31217
12719
38348
24166
9307
9868
6996
18714
25189
20807
31995
2908
16035
23413
23144
38407
37955
47668
32450
25546
21402
36066
18135
1990
32469
21245
10758
45534
17925
5849
48639
48592
26486
10328
47923
31817
8643
46498
21159
33788
8208
17992
42690
44173
17623
15855
37668
22104
29385
35958
15661
3687
29807
42200
33308
20790
21770
7642
30776
32290
44626
30715
13130
44480
18025
8183
1867
15481
26863
7814
39463
6552
6282
8390
40771
47042
7623
41097
31328
19625
30915
7537
21430
17281
35468
14720
11155
15393
44202
31238
14372
42898
6312
35838
34057
47908
16788
8667
34816
5405
27976
26393
6716
7072
9541
22076
3071
23018
33013
5066
44511
4680
9758
40038
7989
34346
14816
12443
17284
3949
21097
26178
45810
16275
1861
6389
21757
7351
37885
41954
41363
5100
48737
6501
11127
24217
9528
42591
6015
16938
3856
20645
29393
22849
12371
23309
11381
23244
31680
15930
12817
41162
15231
21385
2753
1617
32788
21333
45719
17260
2852
41174
36828
41706
32761
42923
44906
23668
9922
31791
8758
18003
37405
35515
43519
38954
13435
47371
21866
32215
9855
5858
16826
7177
8312
1100
39740
23136
7507
9461
5358
27235
6344
26037
20724
15035
12001
8703
24786
10185
14821
3971
43420
1916
2272
13358
24081
47356
8795
26370
4516
32507
8769
28137
43246
12746
27412
7009
2953
4774
17373
4070
46129
12533
16763
4902
30699
3821
26115
6534
40068
25159
4736
24896
8019
10363
27755
18887
23016
2946
10118
7727
4263
8504
45785
28187
32505
38801
10636
12356
27087
38342
35293
23553
2352
4682
47227
26174
11710
22798
19806
3905
18399
21619
15903
29917
42407
39770
43158
44832
26757
21261
8074
7992
1408
36797
13901
2459
25110
24487
42289
5291
49947
3708
36733
29744
30570
21552
6659
44273
21092
19638
29513
33332
32886
4207
2291
44984
4772
4962
23696
27033
47695
4776
9399
12387
7038
38385
43292
22808
11479
6884
20677
4081
48742
26904
7749
40044
6821
11190
15227
23452
43027
34471
1135
20539
36521
6584
48565
17960
9499
9897
26255
37705
6340
33221
14578
15123
29453
45814
15511
36913
7240
44807
2248
25115
46366
14439
19157
6314
49767
3090
6620
6616
5688
13140
5840
18806
28732
1612
32159
10393
38605
13990
10803
1423
1094
5039
25918
36967
20162
23846
30194
35294
39698
9538
38898
8375
46443
40572
2599
20295
16157
36593
4485
47601
6552
8321
46320
14357
8790
4263
33190
27986
24274
18748
9756
1828
25459
12011
5023
8998
24476
28220
6592
28315
1189
30587
4399
6112
24792
46749
17466
36366
37377
11154
15561
38519
49358
39566
30003
4487
33466
19297
1608
2379
21107
34645
14610
23262
47153
13761
29765
40141
1433
9200
7292
5210
1534
14088
28770
7314
48157
17301
11474
13860
19341
18651
42049
11351
9502
28045
17833
6428
6883
37423
25348
18266
4241
7190
15608
9094
20411
5252
36384
12182
19685
6069
21132
13664
42522
27270
26948
5325
7871
17322
7982
15980
27289
41105
3339
16962
21494
10801
18264
36670
2414
4991
48980
24376
13894
47292
37663
36017
27220
9897
7944
30499
12836
30379
3819
1960
11026
43218
7221
43345
7006
34971
3268
12133
31531
40430
2191
39812
24199
38486
15695
19311
42127
47914
12350
30925
20290
6444
38227
6072
3706
6219
40775
25270
29325
31088
16366
36597
37836
16875
26027
12740
20319
11769
29490
44075
31390
16511
36473
22210
37058
38330
20055
12426
2433
6572
17530
44323
1042
6846
12086
7027
32481
11491
13870
32875
37482
6218
38277
47031
2078
5059
20899
35676
40866
38313
43945
6819
18196
8385
10101
14369
46716
2502
36574
41594
4469
4516
41854
48013
22195
43714
22748
41873
29321
7672
3265
13489
31800
34268
19639
3752
5311
40862
49450
10872
18410
8698
41666
26229
45604
1246
9191
25607
17676
42422
9932
10456
28376
4369
40096
38906
27507
22545
1350
36065
8063
27678
49478
1307
19966
32275
39873
1083
30810
3744
14481
24805
29030
18112
20271
9954
43022
4433
22617
5951
35799
7404
39028
9249
46655
37941
7475
12332
31301
39251
4252
8421
35910
34728
32578
40571
46935
7160
16254
30536
29743
31412
3362
39576
37590
4324
3021
2341
47297
3822
1976
27869
9693
32486
17662
18164
14927
18104
24003
26204
48636
40714
11621
3822
43880
40610
21066
38294
27980
17273
14337
38707
11856
19256
1165
8787
30046
29741
1140
13598
35012
26074
4082
47885
47661
4408
5252
40234
1234
23995
16229
19733
4511
6334
10038
17792
49325
20479
24403
14295
1972
27125
30012
3007
6121
4395
5342
4963
16778
7289
26113
45519
3282
21485
4764
40690
39415
5002
23324
4976
38623
21718
24874
34757
33068
47867
19842
29181
17485
13437
38693
6958
8879
27600
37894
12962
21886
29195
29640
35224
30816
6793
8880
18554
30539
7866
34314
8310
8624
31246
30995
11039
29665
45508
10325
1612
26418
16035
20227
34290
13527
46566
3090
14982
25422
49550
16094
35937
43565
3490
9400
15235
2906
25756
12614
19081
16247
49877
43851
43012
2289
3812
25747
5399
38130
3422
21381
4797
6067
15781
20380
29090
32733
23447
34876
17723
8781
9464
3777
1652
33368
48738
30309
4550
6102
6342
10628
12575
3087
1759
18524
42206
30571
21089
18048
26078
4974
21904
20815
3911
5485
35019
7527
7883
12200
20812
5862
6524
11393
10329
33807
45912
19127
8053
7529
17908
8855
24794
2226
18076
6005
6809
17490
19658
19355
15128
26769
18566
42044
49352
48358
26365
8589
9075
15261
3547
6763
24103
7316
36410
2333
26543
3801
18851
7415
19544
32182
7835
3596
20089
32575
32147
4373
38061
9766
8752
10984
22588
23698
2117
41168
3655
30005
21660
8594
2832
45140
36398
27374
24499
8385
20055
7045
25520
11862
43506
23940
4709
3204
7493
24065
5341
2879
44014
5411
21254
16716
8462
20545
12227
5951
14032
40403
37755
1308
29237
1587
27756
25714
4942
8340
10266
46399
27754
32145
45251
32814
6103
30514
21987
2406
21930
2742
10139
29721
6848
21110
28102
14125
7352
6781
7802
31238
38332
27866
23708
26740
43651
4291
48145
47838
47683
2688
18215
10168
17973
32496
32924
44537
48964
33292
4528
35601
34617
10507
1531
24922
41647
26452
38167
14158
34168
26577
30584
20444
48251
20352
1395
12576
19684
32243
2764
40917
10541
26813
14659
7230
19312
15644
7885
3703
5521
19276
2013
29259
1877
9895
46709
7145
46165
12158
6275
4489
15365
44928
2199
32700
12038
31880
43150
47104
18501
8268
36910
29147
20465
35651
20823
19335
43234
23390
35880
3272
10508
4925
25573
9751
3548
3489
6517
44940
43359
19461
13588
1504
19033
20794
9969
2692
14479
10645
8828
29933
28666
34283
30964
9868
2466
38949
6708
4954
3566
10026
37500
18509
28282
3550
9367
6604
43658
5285
21817
19263
45360
23751
15987
17779
5578
21802
37833
38057
42714
4933
12651
32423
26581
27444
18762
25975
39884
21437
7315
15139
1920
2430
6324
7541
7091
22453
47369
29271
42239
23300
44972
1912
14115
15236
35622
11350
12556
40132
36298
22713
46899
35560
1243
21567
33602
46732
3455
33522
21462
2594
23882
32724
18241
27037
28783
25621
1064
36874
35967
29249
29842
2768
20661
21944
6552
9563
2637
7217
9348
26180
20755
36896
40092
13511
37913
43530
13040
24694
4628
5159
15236
9209
13027
25619
47982
36642
45313
40999
10351
30220
23639
1904
15656
7576
28973
34885
2161
9723
11266
31258
34089
6093
19049
8497
42967
12954
5884
8988
15435
33239
42423
45808
38719
42779
13542
2394
8460
16180
12620
43173
26716
28549
9229
8899
38123
47187
41492
38350
8961
21987
28252
7430
42311
4920
11870
37175
1017
6668
46785
10192
35405
3401
3779
39047
22588
7952
15944
21008
35580
48841
16364
14759
47557
32906
15041
5935
2553
25003
6780
2706
22648
6584
41162
49161
7262
27766
7582
43283
29209
28680
39212
19925
33564
29754
9526
34475
1302
4538
23089
26343
7164
25360
5610
46198
29930
26744
48977
6250
49314
10865
8716
21254
34982
17244
37037
49104
33067
45020
3348
25205
25315
13548
41829
14601
40530
13702
24550
3782
11583
4808
19262
7731
7344
11477
48081
11012
46981
12080
18478
15751
14344
13086
29013
36035
12039
27232
13598
18812
29373
2709
31765
38973
13368
41140
48800
8934
30403
20124
10023
24433
36901
7464
4413
14627
14678
2920
15447
30525
3008
2421
7585
21469
43620
49488
49204
19921
6218
49701
23811
29095
7131
27463
35150
10177
33474
41413
11654
2217
9201
46290
10316
33004
48457
12260
14844
24625
2916
9994
45233
34886
30354
6875
9199
30375
18449
38150
7179
26310
28062
34559
39989
17195
3598
26861
15356
15739
6208
13271
9211
11791
29706
17527
22046
41666
8078
49889
4029
34424
26536
23177
48729
9192
10007
22463
28092
49210
13945
19062
4684
1271
18180
15892
8257
6020
5649
16035
48731
2593
16511
15441
48540
42212
14903
32838
16176
41092
4734
2036
2317
1606
30414
49492
4610
45672
15190
1436
47281
9726
36229
26839
1084
9484
10250
2838
25488
46621
13794
1698
11147
40180
17848
38642
25324
14328
47732
30848
30910
44997
1832
40361
17620
33283
49496
29378
35457
38568
5037
3341
25434
23231
30034
33995
31491
7282
42780
5989
16236
4293
44827
1002
16581
25976
23779
5637
27526
7231
12024
47213
29760
29552
23911
10384
15409
12347
2440
16796
25339
39475
25984
21129
47836
3043
3449
33074
12623
20738
13594
2894
41776
14970
17044
23306
21623
25278
16457
9942
7645
33058
23599
30161
35181
9030
40959
17094
38024
38612
43802
3977
43590
40647
42174
34975
29209
30390
30315
26201
49022
40505
48295
6651
20254
38614
12727
38891
28880
14917
8052
27611
19155
48850
17377
15374
44208
29764
1979
25289
9438
9864
47090
43983
6697
22718
8988
13245
7071
33900
21540
20578
19793
6395
6185
17285
11843
49781
37227
13105
27904
28028
31624
8593
37245
24295
24838
42151
25988
21533
17242
40007
3613
1928
5102
23555
46324
13160
15856
40439
24225
28907
22162
9823
5429
35370
5146
37714
13398
15124
36009
29185
17781
23119
16567
39397
49717
23081
26861
30624
35026
38268
5847
4177
34072
48137
2223
28757
5693
8553
3652
39669
43411
20891
16110
22998
29913
21888
43303
27431
21869
15151
40882
28506
5058
1222
1762
12839
17526
14379
42770
7799
11268
19418
21967
44850
27152
32313
1062
16510
10292
2259
45235
6650
23076
12405
34696
10659
7126
12228
33171
49864
43807
21443
33991
4688
36271
6760
1601
3350
35499
21873
31526
48688
2210
8282
2581
20955
35572
6693
25444
43606
47496
24513
1568
40370
6223
14161
10763
36077
2839
15868
24841
2564
26916
7234
37992
3510
11165
3900
36195
44021
38294
43733
26242
40895
7882
2699
42834
21997
21454
23555
44593
5872
35133
9582
38431
38635
25333
12296
26308
32973
37666
30200
10626
23670
48753
10167
4919
4184
5512
25571
4326
28292
22691
3615
3658
37494
24102
31150
9519
13612
9691
33499
46119
3010
7302
30868
2363
3148
9419
49180
12151
46763
13665
2930
22458
14889
7332
6011
32978
49683
34138
10146
25954
34790
37560
33169
5078
4337
10612
30222
18934
3713
42460
8836
41544
27509
28882
29800
6636
3504
48882
9686
1739
47450
6545
38404
40452
29496
6224
30513
47319
35489
4169
34836
19825
11780
44909
30468
2944
21256
22179
47009
6857
4687
10542
35952
37433
6945
27798
3602
39887
9032
2752
24050
10138
8824
8567
42264
40523
4389
41146
35448
42666
16878
27575
9249
28915
10514
34000
5955
16981
41238
40342
15913
44833
5079
22380
26867
42220
36402
18252
48360
47130
16953
9422
37493
29701
3123
3739
10426
24923
41746
40895
2457
39831
18439
21379
27969
17967
35915
43891
42496
15593
24514
9616
33605
26676
27223
1167
18243
18360
19128
29852
38217
9889
20725
42191
11926
40598
15446
4312
1134
38598
40077
7737
24681
17905
32152
9428
45315
4577
45808
2658
13664
47695
4343
44257
2040
11551
33387
1140
47101
45082
14355
18267
32423
24800
6033
3464
6405
47122
4554
16518
10802
4598
6588
14301
33801
6464
43401
5751
41927
17292
26339
27648
44995
45753
4198
36574
47009
3209
27918
46569
6112
2565
27131
19413
38037
4233
29460
6700
28049
41444
39499
40789
7223
26060
20184
34288
1111
24064
28816
17240
4736
30718
39178
43466
29328
22525
9804
30075
7347
21962
17213
38701
7924
11039
26083
8955
22681
27433
2518
1029
1610
5660
11369
20015
12663
8643
9935
9279
1664
5727
36610
29478
23425
13805
7317
12525
27969
12834
4363
15659
8299
42487
27718
10727
35929
19788
32300
49844
49592
22395
16375
13919
26087
6529
7572
37280
24352
44745
48650
44261
9690
44615
42813
15205
22092
4703
32673
8545
38074
5854
18861
49225
19984
3445
13978
49952
10195
8528
5471
5274
43212
16497
8045
48389
9709
3382
49666
1574
4749
47450
9612
26019
23938
24654
34201
20307
16964
16604
49108
23925
25454
44498
4792
38635
23566
33547
6376
20483
12782
17056
25821
12802
21368
47203
7908
30532
25332
19137
8771
39947
12058
46249
23021
45878
44477
4518
24546
38802
40743
47611
5716
1117
7469
37557
8377
22789
5739
12730
7124
38984
4917
18822
19550
34849
22075
1215
12415
3444
1066
18221
11204
20429
33820
12877
8961
11124
13411
29831
9530
4631
21489
27292
15494
20753
5202
8364
27853
13802
43942
31964
39433
13563
1037
36966
42780
34340
30540
30648
28299
13987
38453
38722
19580
21577
15377
10342
8958
23018
2142
6048
30649
18432
1655
6527
13174
8321
29439
19724
8752
43652
14928
6278
21821
46913
38034
7360
15183
47182
22664
9947
30733
43666
22149
40810
3299
27056
6903
7224
38208
3139
49008
28024
29793
42872
31467
40186
14185
38483
8464
13502
2921
2371
47991
13984
27498
6560
20723
27211
16475
21944
11596
14007
15495
23933
24781
8414
31169
34299
3538
6664
13059
43859
12519
17003
4549
16313
21115
39476
48462
38361
9218
9120
34833
5294
1405
37281
25471
1730
7030
37102
34006
9842
26543
47404
10931
34176
26432
4337
24233
8279
5280
36553
2128
3475
42703
25473
19999
5019
6091
40546
20374
1139
15056
12780
27890
30554
40943
25863
1534
27157
12835
27929
22117
4784
30962
25919
9692
13904
34740
28345
39477
19134
3505
16316
35635
41335
5708
26276
25071
33127
21520
36085
49004
32205
1287
48974
14260
42929
49786
41867
24291
9724
49525
25326
7532
3552
21274
8890
13036
3631
11613
15502
3608
15879
45777
44246
6216
3839
1622
16612
36537
29394
5587
49729
17333
11903
1737
3699
32755
16484
1038
35068
25017
45081
2815
8258
5371
23789
12371
14155
45894
22487
43429
36487
43610
34832
21062
14587
35581
2001
28595
25273
25622
2488
7442
6905
8963
3972
21260
33737
8666
6979
42040
37093
21475
29156
48047
3564
19494
43156
4709
40078
19953
7869
21822
34730
3642
21528
9565
28848
9571
15496
5135
14879
39612
49250
9701
32297
7503
23740
40764
26060
35552
2346
30666
34166
18718
20608
46409
21687
29926
20448
1859
47299
26177
11039
14054
5776
8270
22246
7726
24104
4666
7299
2343
8862
29330
3403
47948
17468
33652
39122
25729
3911
13461
4797
5541
5076
30925
8056
15960
21777
4771
5612
40838
22207
21463
29250
1633
8162
36121
41096
36108
7417
34928
27226
5544
10893
28929
9515
3990
11681
8509
24936
31968
16134
3217
10869
19464
6130
4487
29682
34693
6392
46443
10657
27080
37351
27748
2405
1083
16861
31491
29664
3128
4791
18927
49391
1097
35661
44564
6755
13132
7459
37075
3793
20948
13783
15652
40165
7600
44091
14092
16913
23693
45689
12501
15339
22388
14127
7657
11724
3818
6802
14590
23130
36346
2230
27155
10033
6031
14774
31525
1881
16704
13451
37698
1979
23021
1019
9340
47829
48949
27495
5004
43172
3388
6576
31801
23174
36744
1746
48468
36459
23720
1252
10089
3462
44643
41554
36778
23111
35443
9463
28244
39161
5498
35371
47284
20656
4320
33074
25932
17092
38150
9441
34141
7140
6541
5514
16210
4912
2523
6857
28841
15585
41720
2099
33974
25333
9361
1263
18282
28337
24288
7612
39262
48658
1038
2828
4692
1585
6347
29780
22470
39244
48528
11607
24007
5133
13470
10090
39273
8050
26841
22952
18379
11590
37916
27838
46936
27315
11964
13707
10808
15036
7086
45843
49435
15189
35849
9197
16834
4081
38321
16480
1600
29204
11140
27038
37025
32708
1570
24896
12157
1024
7719
1942
24859
27363
21109
11066
43416
6004
36251
26008
22378
46257
3894
31804
45380
16488
35220
18225
21297
31059
25579
19688
7733
14615
41963
8072
8762
34800
13031
7042
28285
19550
29601
1646
1261
46053
45224
24588
35932
11424
1814
27860
4856
8187
43904
22146
5881
16948
33597
2252
21270
24629
42158
26540
42213
49187
48909
29434
9651
35863
40115
38373
38488
22637
16592
43169
25395
17564
28806
20903
36730
4536
38623
11835
22549
18129
16623
11824
7903
13747
12078
9733
35828
2173
28334
19281
22415
5738
22726
36787
8009
12424
30846
37028
8971
22892
21774
13793
1719
33427
23544
6180
31167
32790
9293
3357
26337
6443
19057
3368
12728
22391
1088
4211
15794
15474
26719
8429
7866
44484
1496
46946
16036
28563
20061
22209
19415
14339
4915
41998
7615
38425
9619
8425
19474
17271
22850
21881
6445
14807
42936
25496
18787
3106
6730
3953
42057
17207
14485
5332
43465
11196
27667
26598
29374
42745
34255
3869
17739
38096
41452
27870
17903
23194
23539
35342
3509
4395
43226
38987
10204
24976
32034
18888
34800
47906
8342
14147
28158
9370
10780
40697
6784
7583
39045
31417
3263
27780
48615
20574
21141
32764
28292
13245
6627
13543
27193
45452
23670
1908
4769
19323
18996
1176
43536
19219
6628
36656
36288
1974
1236
20775
2050
32460
44612
40320
23511
35621
25741
33739
39710
13446
46606
46156
3970
9955
19922
16887
13566
44401
3289
43630
5654
2132
37899
19774
36291
7853
6329
12132
24716
1436
1073
28067
37815
49707
5026
1256
8785
34772
34995
3107
2627
26779
12384
38402
13294
25929
30289
42164
27457
16711
46416
30972
39467
41277
17585
13328
24353
47948
3696
16615
17877
49332
4871
44418
7676
18016
27559
29734
22764
19437
7258
4660
24845
48224
48495
23072
26939
20795
17333
1121
3133
46489
6906
21196
8420
27922
47236
10337
22264
39988
46279
48282
2133
3283
5023
7790
3775
48130
47278
17266
13150
44116
43227
1838
2809
42924
42583
12036
24634
5500
47092
23739
39454
10190
9643
5921
15923
29681
4533
21064
40054
30172
10492
16600
20656
4812
26499
9584
47218
43329
34999
2467
47324
25653
4948
16715
6673
7515
20210
34886
8466
6472
3589
41011
29308
7553
3475
24441
23002
6224
1257
48126
41654
49841
5350
38051
20843
17077
7788
11420
13044
8212
5902
26264
39567
45312
14688
45784
18283
5531
28087
43067
24017
47776
1041
22083
48970
49792
17554
32252
15711
33827
8974
10054
10536
9232
39121
45528
28674
24786
8050
39151
18464
4928
15675
8621
6381
6821
6615
7422
3053
27783
25085
10212
1438
24158
17856
14087
22169
13280
24209
11803
19234
24774
1135
29416
42924
43048
7414
19245
32472
22672
41218
27372
16564
36507
25223
36626
19474
33602
18167
12466
16327
49549
9725
3526
35417
32905
38647
18940
13138
24501
3004
28383
21120
46131
22042
5039
44714
5260
3135
47778
29846
26380
17828
3706
4663
2581
36476
9811
9379
48581
29218
15714
34775
10640
3282
38724
37443
46567
3692
39730
43936
7924
10327
45491
15869
25812
9979
1010
27859
12739
18015
39292
38233
4782
11093
41069
14519
45891
16576
29743
20804
6002
37486
8281
41608
49888
12699
10941
4452
44670
47481
2306
5082
14220
13838
28388
42510
21106
9969
36176
23223
2745
17695
1404
19125
28248
8684
14422
36123
5789
7133
11285
46445
38240
27239
45311
23628
8312
30723
32951
48032
9965
2813
2406
38258
4558
41964
25342
20133
20290
26380
5114
49831
19232
9681
6664
4930
20129
28033
8369
5069
20221
25716
6683
9211
23415
31537
8477
16721
15774
36630
1875
48389
21379
26640
43425
8752
22513
3899
4513
37068
38522
48495
31232
6307
46880
24678
27196
41326
40237
2258
15362
3214
21623
12179
9378
30157
44159
32889
14923
22688
30920
8909
4082
10874
49230
13904
15814
27907
26848
2001
12519
16670
3817
37082
20125
9151
6780
40646
3017
37584
24252
27628
36450
39369
26622
7416
33368
14834
44433
17777
3859
5543
23595
12691
29196
11908
13682
5375
4989
20174
7328
4727
44889
37661
8126
14828
20526
31661
13409
17961
28804
2967
28052
17788
10017
29050
4297
19473
33315
31868
22242
26176
38038
31634
32377
16686
18500
25364
48640
11927
3986
4531
30428
20668
9627
8391
23569
21014
7340
30209
37426
29500
27251
49985
3143
29967
22256
16024
46546
7261
9843
9778
32285
8307
22347
49336
28587
9421
36152
2524
3380
18435
2619
15350
29620
16897
11761
46903
19974
12200
44889
9878
34469
24971
2392
15854
31540
8620
42998
8691
7368
40525
40585
44230
8422
48667
45032
4491
16351
7042
10744
18454
1411
23381
2040
9592
25703
33967
46370
17524
40191
8362
18868
5384
1651
31568
26393
3507
2876
11839
27114
11716
24656
24707
5854
2323
19665
48480
9410
23105
6785
6360
14905
16731
24856
37156
45163
22792
4933
40042
44549
41445
6184
49354
48795
2830
18778
45732
5166
48158
37809
49289
13805
13258
10114
43432
25306
6106
11583
29488
7202
38278
8802
29893
2103
30935
7313
15489
3112
4194
4789
37030
37541
24013
45666
40701
6418
24937
49345
33060
32741
5774
6204
4291
45100
42395
3885
18191
17563
7321
17861
45186
40278
2718
46308
30125
33689
39799
47015
5703
3969
1995
31935
11000
9627
14581
47491
36024
22303
49823
16703
5143
1821
4913
20062
11997
41421
20330
35660
21081
4993
29652
25887
27177
3905
42073
46328
12357
1047
26303
11151
9871
27170
28745
7726
10707
1265
1954
19726
27635
34967
49858
8854
7701
48900
28520
4058
19982
18321
5725
18759
26191
40407
49955
22521
48522
21250
3393
16988
2867
6132
7165
1857
44919
29021
2952
13560
2946
15594
12752
25499
8776
39118
12056
2609
27510
27524
48471
8570
12419
11276
47033
27688
26956
45918
45745
9817
13924
19532
49087
12372
33561
8360
9175
9206
49169
30352
33672
4065
4412
21020
3078
34406
21037
17003
13445
40318
45719
19818
6839
16006
44791
30384
1644
30332
46309
2212
5465
4125
18742
49456
33280
46686
39439
9260
24567
8412
27589
35805
1639
20521
5744
8788
9655
42761
23355
12720
15673
2080
15510
1020
25036
15185
8242
26674
26127
26769
25559
19199
25721
45810
26589
1794
23955
45519
46488
47519
38771
30859
32225
43501
15648
46892
29772
5135
6026
28068
20685
23624
20752
41449
12704
9654
11598
48248
48868
3842
4904
29304
39117
3386
8893
15969
48272
31688
45386
9566
4707
18588
5422
44232
22852
2957
25334
33710
8140
2750
25132
39582
49340
31788
19306
31211
3419
1106
38928
24187
27633
1384
41539
7241
5082
37241
30731
11113
36044
9762
4038
21126
44935
25755
10541
4822
29995
5595
2913
1329
3286
29519
36126
33948
11109
47156
33127
3895
40441
49585
15115
49157
14412
9628
29090
47395
3150
24644
16896
4507
5706
4780
26910
43241
10607
16874
29359
5810
6315
20879
34015
20326
1786
29813
19280
8150
31242
4498
3233
5329
7119
14179
21803
25282
18499
42677
49458
10137
5543
25189
3778
27061
41758
7283
21522
9537
