19406
2263
18174
2580
35193
2693
1152
22521
24291
6300
5205
25198
38345
48113
12039
4868
26704
4631
44629
4698
10738
3063
25230
39384
12754
12251
35649
16951
12969
2661
9361
21015
11381
6804
4249
11284
8524
38064
26637
43336
49202
36809
44912
20675
27369
20804
45808
26592
24279
6580
41964
7097
23978
48223
2041
29459
48847
13304
36199
8129
39229
12201
16419
47246
1219
24121
36981
42507
1226
4834
26173
39730
18360
21201
11675
5294
4380
9134
16182
16314
1204
17061
24653
6048
33526
7125
44842
30062
45682
16018
3037
16959
5092
40532
20533
33239
43045
33949
17580
34153
27178
3083
44230
28410
4632
5440
44241
11254
28026
37044
17630
37322
9987
25158
13254
9067
9867
9609
38383
1044
25989
37423
14017
12059
2021
48692
7092
26797
14884
31870
9342
6364
42976
26414
16278
36809
38206
23961
35648
25656
6657
11061
18863
8880
20831
26173
25288
26323
31501
46948
18777
6708
45048
41866
33355
30853
11868
7370
7855
47646
43595
44332
48129
41480
32824
25102
42147
34742
4084
26400
28299
29617
42502
20808
8507
4442
6836
48934
35926
8508
7778
33651
20918
31256
20090
25121
44038
3288
46652
3781
36012
19021
16370
44554
35939
46627
2184
13058
29603
20769
16282
7275
1370
30034
24965
33861
4795
15159
15205
7432
9001
19724
12303
23734
29718
20493
5424
19124
38582
16047
30066
1961
13445
34940
10514
8490
1884
9080
45487
39192
31439
31126
23639
40313
3066
39348
9879
21658
10895
44059
39299
10372
21805
9657
14230
35495
2674
38365
30843
9426
29841
1580
1518
48667
19186
43141
42792
42130
33456
24304
32779
31604
6350
3879
2554
26197
3745
4681
32755
10214
6144
35068
32533
39140
8924
46596
33560
7302
46213
9589
7033
28838
16370
18905
1441
36476
31037
4032
39059
19751
2495
49733
27394
42600
25708
42110
27609
5202
38555
21443
1390
4547
6678
15480
21266
20779
20737
19579
25667
12595
6014
20960
44863
14109
42821
5935
33213
13623
11990
17715
12041
13941
31340
31579
7981
19077
19885
7064
39859
35545
42314
20108
46621
3856
20780
4571
26107
9281
11325
5552
41193
37025
10946
14455
15596
19042
9177
19135
11673
30308
34197
46849
9442
29726
2040
2717
6637
44795
40887
45182
22638
29802
14114
13352
1838
24627
47331
16365
35331
49658
32541
37789
31959
48064
47554
48670
4369
26533
24455
10044
1574
24804
22361
37841
31619
43301
4179
40664
29016
22575
7878
21130
42597
2676
27281
22707
14355
8322
43639
18987
13679
6344
28732
41213
18554
21649
35001
6618
7638
29119
6101
36495
3320
9445
28575
21648
16601
8736
11706
24018
20899
44860
1519
4475
9521
3753
46124
47946
37082
36950
18846
5313
33672
34827
39800
29697
13305
28878
15685
16495
32190
4373
42924
27691
2800
4969
27911
14907
23851
20145
8664
18437
9449
6662
4692
18580
4617
10468
37844
31695
4705
22642
9625
10108
21684
41231
40857
36998
4724
23239
8293
23838
37527
8454
9358
24976
4701
39881
6577
14870
5479
44296
33607
3885
20503
2885
12588
19738
21996
20203
26035
23433
29674
24915
18781
3690
1229
7791
45531
31088
1682
22334
35269
29780
19378
28651
2046
8831
14717
3680
12814
16691
3625
8929
28356
1299
25472
13307
13929
5870
44044
48542
45439
40049
6310
49681
30825
40951
25857
10877
47035
9230
49923
1901
5935
4313
16780
49069
22632
26394
13697
3982
35819
14486
38715
35822
16854
20423
40536
9391
22235
28767
5614
31263
20388
10974
20138
44715
16496
42856
4434
24836
13550
8385
37369
41707
19803
26886
48567
30932
7659
41892
1090
7154
33772
38796
37743
18199
7523
46435
45681
23061
7674
40754
24064
36374
48862
45432
39599
38728
7681
24139
28160
10127
16169
19617
4145
8360
47658
17618
38381
14478
22846
33360
2410
38126
19793
16570
24464
7851
27440
32855
26362
7164
4550
3296
11963
5759
49175
10077
18012
41451
27260
40380
20628
48276
8063
13779
30339
46054
44066
16179
43400
45508
42917
3326
44686
31896
19162
9593
28395
37853
10195
9821
3304
44469
41683
48736
1448
8265
19270
32175
16649
9363
16363
38166
34794
4093
6908
21631
3756
48720
2762
46243
9135
28972
12793
10906
29724
4048
36307
37431
22369
10045
20306
11054
17264
13048
8524
4574
4080
3996
5298
16969
34707
7553
22948
9662
19694
46287
39084
36556
24357
9831
45643
4323
28479
5131
25603
14981
28970
34765
14264
24302
14287
8791
46266
33255
24304
5117
46990
45784
13840
42966
42361
49314
32506
40803
15977
10504
27661
36173
28017
27434
34482
4189
8967
21367
22592
3370
9133
46015
8324
8719
30515
22587
11346
7060
44070
29306
14165
6878
4627
7343
36759
10798
36461
3326
49004
8404
7917
16396
18993
3248
49300
6928
12238
1107
25239
28466
12315
37541
13118
7215
5558
46994
22174
11579
28463
22434
9077
22341
7455
41434
30645
3074
5325
29425
3419
2091
25470
13336
38411
45811
18597
21653
36432
23698
47771
35227
28352
10858
41461
31025
1624
8390
39822
30172
40407
3314
48510
6697
43937
49456
47344
21837
6353
36441
34514
6219
46254
10670
32775
28117
19139
11601
36319
37515
29333
16592
28816
34080
32252
15227
13192
8488
29652
9948
24471
47139
12283
3966
9327
31651
16625
4773
5881
24020
3670
11926
26524
13083
1529
2162
20480
23515
31895
1334
23139
14379
24173
38222
29424
2723
2938
38549
26055
2332
23291
38669
45829
45240
6807
42041
23360
16236
24654
12203
41550
23089
3133
28658
45373
39157
17618
19642
17460
40624
1910
13174
21368
5357
33982
9293
4855
22875
32810
12853
4804
34716
1177
7279
46108
20062
1633
49845
5088
8689
4445
29895
1627
8154
23979
1818
44662
33834
10219
19627
5540
32241
13915
5585
6109
10709
35942
3466
32990
10001
30884
7473
7604
4602
4533
46857
44044
5580
35323
21577
6406
8918
4839
9145
8680
38326
30852
8661
48677
36112
33809
1147
23132
14158
16553
10752
9053
2692
20697
9256
33234
5523
18163
16676
11791
19984
34414
14087
25348
12657
4607
13096
2902
14842
40810
38038
42248
41450
39786
46997
16185
43042
16021
6623
43161
7867
34533
29686
4102
17708
33614
5946
49345
5680
44767
46600
41596
18331
38732
48869
46010
39071
11879
45090
32991
10595
39709
48255
28773
5732
40504
44960
10337
31490
26990
20092
39649
30397
16943
19500
40108
22092
18481
13014
3466
28924
12990
11326
11587
16354
43822
9931
18931
49613
10944
9233
17865
29170
5517
10472
10053
33854
5765
9863
8110
3059
22553
13333
8886
35073
8441
49376
35128
15768
2177
37442
14272
32733
2396
18857
31233
30742
8620
31336
27099
49620
44818
47355
24381
19022
8512
23340
37156
17723
21189
11700
15259
7520
20774
27572
4320
37372
11673
9615
22452
38064
16700
9662
7000
17051
4279
5624
5279
29674
2337
45482
9580
27511
25029
36047
11667
16700
26991
32817
1118
39897
39655
41655
46849
37016
36675
31538
30669
20296
16405
14539
35297
4226
49614
44096
5488
27753
13896
40007
45689
5503
44592
37684
14197
1891
20436
38053
18967
2606
3592
7723
45245
20589
7529
17772
34877
49460
47517
32308
13565
8490
48199
8330
19919
23739
6104
18146
25216
25507
9128
19827
14133
14128
24161
3958
7336
5502
12157
44566
8671
4137
38728
9570
49270
3246
39395
47049
22167
46485
6731
22862
37282
7946
3223
34269
27980
38301
45908
29445
21153
8254
13093
19442
15410
3822
7333
22709
41149
6102
5878
10270
7066
11335
2675
39042
13612
31323
9866
9680
1737
28418
7992
22896
11738
35987
7360
26664
3526
33896
22961
38248
7115
20484
26826
34410
19665
1974
40449
5648
37732
37685
11878
18401
11805
18552
27049
11592
33737
9209
3394
21216
47725
14089
3261
33060
21113
7081
22806
9182
27004
6388
37591
6357
11044
21140
42212
16635
25243
4351
28536
1514
2937
7600
13985
37535
2234
31141
7087
40004
4950
5136
43329
40741
18148
18967
39075
23534
5284
4183
26484
46566
16720
6748
5168
19977
33772
21036
1453
7638
12659
2666
43884
3737
35052
35055
46276
19286
13743
48151
19207
37694
6162
7401
24212
5012
27850
42677
7093
1767
6492
11797
21276
23952
38190
13666
5503
3838
18034
2095
11522
17132
18276
45958
46152
17197
12537
17080
7584
31672
9422
8856
39372
10978
25416
21657
7893
45365
28528
48359
46576
20142
1792
17680
6684
3112
13463
15794
40020
4319
23453
28709
20995
11635
20489
26532
42711
5983
10063
1074
4980
19871
18148
29808
23883
5143
39137
24916
21320
42659
47086
15079
18369
40751
14074
30308
29158
16627
26848
3534
16432
9116
3721
12684
8997
46241
47839
48415
17996
15310
45918
41454
2965
3967
8299
48255
24121
11833
10112
41669
43933
21145
4925
38335
33131
43932
17194
2173
46734
49502
14589
23164
7828
29117
27205
34124
49033
41310
22695
26906
26011
16632
38819
15268
28697
21644
21185
28124
1382
42127
1712
3380
42989
23294
14057
4932
24450
17968
12686
4480
24826
41577
38377
48396
2644
19154
35252
3400
2919
42365
32358
5452
9070
20116
12832
21365
2426
17898
29474
5504
1937
47470
28182
18124
18734
28644
22235
32255
30104
23829
30963
18240
49769
35859
24644
33390
3068
43001
6052
6941
34039
20407
41156
5916
23718
5203
19949
41364
6192
5739
3466
17994
18837
36831
9032
9816
9504
29585
2933
15668
27578
19435
26494
15679
19593
41785
7177
7170
40748
12495
20075
34168
43599
2300
28134
3652
2120
17435
12543
30284
9553
10182
8605
33800
3475
7456
14368
16270
2924
4941
48315
48522
37135
9798
47646
7877
21923
8221
10797
15547
18663
35996
28909
25554
15198
24114
33560
21918
12654
10407
7365
27776
17130
21714
21608
42717
15644
9173
43885
5204
11800
24421
16090
33047
11185
48450
38799
33910
49954
25585
23642
26698
38131
23350
31304
14997
45315
21042
8076
10868
18752
38448
6966
21102
6341
20453
11141
13974
7852
9067
34332
3818
45716
11272
1827
19185
42936
47094
29690
3235
19116
31452
49791
33417
19959
18589
14691
26316
4198
40057
47375
19721
21806
13616
3027
4563
43301
39814
43310
36906
16662
29965
32440
20037
9408
48191
15320
3214
14380
5341
27411
48109
28220
15075
17191
31272
33954
1227
22744
22917
33757
11919
37267
4731
44141
17985
20724
30434
8447
25056
10115
1595
40433
22203
12273
23885
9450
21289
21956
1312
38722
24887
14408
39702
1469
29184
37584
28698
2814
6704
8640
34691
39828
26166
3915
18358
15393
1989
20006
4787
32607
6614
26573
3446
10370
36730
9376
33889
19890
47503
2902
4788
4005
20639
17490
10543
1780
18105
15345
23686
4678
31195
18900
4185
24495
28694
7456
34149
29339
4727
17951
21979
22304
9068
30103
8329
44112
1419
7401
23613
49586
3552
45177
36034
25587
18145
39592
9462
5791
22766
25701
12397
19177
14662
29176
2578
44761
37687
11418
6437
34409
31472
23778
1365
47741
5927
49485
6964
29910
29743
9075
14134
36200
28936
41455
47567
25223
13077
26696
28828
19300
44096
40262
18195
3846
8057
13534
38234
8356
7691
31378
49709
9201
3669
4108
6421
11178
33390
18272
22775
46510
20866
9276
39062
41373
23805
42210
44463
29960
32080
5626
26762
15442
19072
41778
17394
37929
15618
5371
11703
24748
22886
10961
41724
26286
39457
10237
33323
22679
47267
3935
48551
16378
6642
33587
6687
5517
21663
4518
17090
14436
27891
39287
35244
44263
1845
8814
3316
46450
21621
8191
28780
2763
23554
39137
46746
8305
43099
20285
5927
17845
42816
4413
40761
28610
11450
4817
4579
48432
32198
9617
47938
3814
43187
38532
6919
3932
27635
4885
18081
12095
46305
25711
15556
9467
14812
4987
7628
35701
14624
11263
15681
7088
6935
20864
43883
6491
8130
16189
3942
17799
35690
7878
3477
7367
32263
20001
15966
37983
23100
17046
8416
36638
19592
16397
46804
39993
23015
20624
5789
35445
38981
20283
39848
9031
26523
20251
37070
17295
17655
48212
9975
10854
23440
9511
44860
10943
7019
45418
15515
34507
18936
22088
38982
5504
49709
23742
36793
3620
10832
19879
10149
33891
22666
2881
7561
8245
12119
10123
46558
10874
11227
35174
45079
11477
45893
46522
11485
12214
8196
25920
20438
5369
43514
8646
15484
16569
9536
35366
7873
49023
19819
4146
3287
21646
1316
16368
18426
42345
2994
4491
7358
9604
4625
34395
13463
2352
18866
36191
4772
6818
40741
13281
23762
16236
9332
29226
36746
32038
8430
7742
6220
6489
7186
6686
12146
25390
27444
24386
15145
11201
6632
9819
5604
45985
19972
6705
12569
10642
20455
35093
3723
35925
11472
11423
30199
19059
30565
26649
48428
43332
27172
9611
3475
5955
21852
46517
5008
19200
17001
9453
25503
1694
6223
7884
17820
17494
21720
3627
7578
15959
2576
41335
39946
19150
29492
26330
11665
46984
31717
17941
32597
49845
20429
45445
15703
2722
24376
48290
12149
40043
39411
19734
12190
16039
3020
2906
17378
31323
6676
47617
41452
17462
4399
36763
2339
8970
36597
15148
9675
30913
12034
5280
9881
26122
17487
1868
17222
42759
1778
49335
27521
13265
18419
33280
17264
15193
28544
13133
3970
3893
29489
46548
11739
31269
9287
37116
23303
5955
4283
36158
3034
38439
23653
33332
49689
29889
22659
35305
29879
40033
2978
24555
3359
4492
6414
17739
26725
34352
18041
7314
7795
2734
11131
16377
4731
44561
35575
6926
10993
10934
12426
27403
26752
37983
49644
24333
26775
28080
9581
22601
1402
7927
30701
31370
7304
19114
6676
16185
3717
16394
2382
11278
45054
2118
48657
36868
20589
5449
37939
35639
11858
6051
26220
10507
21057
9835
32339
12133
29774
33457
19742
21306
18774
45964
40289
15590
27540
13698
41954
25104
40919
35951
16303
4261
3458
46943
22360
34466
26244
4553
48339
18335
41726
33605
47715
31466
24249
3782
9774
22030
17433
37408
9570
4362
31821
11197
16898
9776
30579
45674
39490
5739
7560
47447
19401
23264
6373
5159
45699
19902
30099
4342
3293
6252
5542
6712
44904
7861
2950
4442
37690
8140
16336
14035
4438
35968
41007
19176
31961
2067
5422
9637
43219
19965
49152
14560
38983
3119
8171
6984
8872
7976
3352
18772
40411
25874
3462
15429
1820
28746
25542
18555
20243
2213
28575
26234
2228
34668
24108
33337
33687
33918
43842
44795
22496
37044
26395
10407
22511
48494
15410
5134
44331
41164
2973
49472
17568
16555
36625
2832
34223
24167
5551
11826
13641
5037
25111
15805
47594
7223
7547
27179
4852
17181
1385
2601
42549
42219
5209
14732
1265
15263
26255
40602
42384
17813
6967
25047
29315
4786
4501
26112
7540
42576
16629
27000
7262
9645
43675
42725
35560
17960
26935
36902
43836
43094
49073
27898
25798
8295
19426
42899
2613
41179
49783
11603
17960
2400
18388
14700
12511
43140
39952
48105
20790
18580
8300
4960
17394
2983
22461
24106
47675
47504
23001
12500
31064
34360
45231
3056
44012
47448
27197
37556
15405
35246
2026
11667
33329
7980
12032
8435
7894
10447
37582
28734
3808
48412
21822
34285
8120
38065
36320
14209
5213
34082
49199
6543
38699
19775
28591
39707
4853
6346
46690
17829
40762
13597
45169
48503
19292
35836
34084
3984
1204
41317
33522
7986
2147
2615
6318
37225
1219
10811
9169
47146
7985
15638
11243
40440
49285
48659
42643
4113
9697
8981
20333
4300
14186
8003
3717
25567
13987
27408
7186
26682
11475
19797
37800
21767
1279
27205
5182
48044
14756
17430
21714
18783
12697
26882
12206
7739
3976
34513
39770
35068
34433
48606
11843
28311
5012
6419
7951
32698
1612
41043
4724
24468
23089
20800
49786
8336
19029
33641
4336
9194
11739
31639
45451
21561
23230
40104
9135
9686
49463
22023
21646
28530
23892
25626
43114
3796
9197
34343
23244
26388
4543
3192
48342
5386
47436
4453
4272
11918
30605
18524
17312
28266
19382
15508
10334
37502
46297
12356
8271
10505
12982
28636
5012
29626
17637
24804
48546
36189
11912
6600
48434
21508
11278
2799
6988
20340
30427
37309
3431
13608
7812
24831
13065
18917
39274
33870
15387
6561
42114
10906
35350
35387
30655
34144
12301
11045
38495
32751
38124
7589
7243
27463
25251
23227
39949
2236
47375
47232
15177
19531
21096
15903
37355
5223
24487
27849
35650
36632
22403
25988
16774
20839
30920
16247
48781
10444
31404
3025
17568
10145
28324
47674
15663
5241
30900
3247
24441
15063
45477
13983
47362
16724
1457
1898
21023
43753
25554
20992
7906
26869
3874
43377
21031
11663
4833
16860
20100
24280
1482
4599
17160
20133
4616
2094
19250
4539
49659
20069
12217
19679
32513
4649
25736
4743
32919
27028
11623
4583
11942
1071
9392
4639
9743
44190
7536
34282
7706
35075
6797
31757
5057
13323
18352
3642
32992
41112
20101
14148
2936
7288
29049
33839
44289
4927
6876
23574
23960
23073
9366
15060
45736
41025
32984
2009
18974
7269
1118
45284
3949
1942
34495
14666
7826
2750
5158
10079
2892
27084
1585
6570
42784
20135
36968
2603
30469
28271
19070
46438
27615
46828
4479
38861
46500
6012
7416
19381
41113
15084
20938
20043
16334
6140
10498
30302
36623
41019
34664
29807
48153
10945
29471
10552
34419
7423
2352
18115
26275
6092
22352
16064
20547
4811
7552
9902
29043
6834
28854
2886
4321
13680
2442
39832
9815
7282
1655
47056
24601
4002
46609
1197
1937
9989
32927
19098
28556
18613
5781
48006
44209
29564
37316
49178
13563
3233
46802
2931
10341
41179
27675
27794
25678
4999
26444
22671
28328
15201
19341
21547
17398
49475
7644
39855
24723
7818
25824
40674
38143
4742
24093
15364
1240
12393
38396
34175
13095
29034
27711
18081
19486
20656
30981
49602
37886
26600
12943
5965
9463
48135
33538
8529
3048
34630
34912
46879
7345
16435
8103
42213
19905
6936
17931
15207
16472
8107
8847
22688
3422
6630
47975
48028
17487
7798
22602
8586
5285
38102
45734
37447
18967
42245
8903
47920
2145
2278
36291
5365
7374
24342
28541
46525
38478
3505
7941
7181
30447
4825
3857
9394
9870
12306
32840
8045
22298
10232
18354
38048
1599
16430
2261
34220
49895
27306
41704
43958
39672
5654
14960
7275
40419
19304
35616
43509
24240
7335
43098
2201
19448
39851
24577
48067
10999
24714
39360
7988
9216
5552
13122
25174
40029
6210
6938
19622
36567
28109
14928
38816
25647
35681
13921
13865
7455
5915
25390
4467
34136
28551
27628
40146
14769
34166
11125
21302
8594
45508
34148
14251
17008
22081
3167
29623
1810
10925
21458
28993
46204
16494
23822
1848
7224
15044
7858
5127
13461
38417
14569
23600
2974
37669
18431
26461
2499
47964
28960
41441
7915
15136
2030
34752
48676
45926
39521
12394
38545
31826
6112
34583
3571
38114
12519
3271
3093
40828
27021
26190
2773
16297
36401
18557
1171
45993
3094
6405
44412
2080
7017
24405
24084
15883
20550
44495
5273
34470
22452
5859
46126
4923
27255
47133
18530
26662
39968
49244
43115
8317
42870
43188
1158
21961
42017
23900
12717
25255
24495
33268
20224
9327
18622
2080
14552
25135
16172
4533
4122
17416
9746
2679
1729
11306
43638
31111
11836
32493
7180
32650
43567
37338
24244
16812
12164
28095
25956
9937
36575
1769
46379
16625
5546
28070
45773
8794
22555
5786
25009
18440
18548
36228
10303
10971
18239
10837
18649
28847
18404
19308
38515
9291
38122
7508
26035
14570
38943
10376
28605
15737
6164
16502
47701
44751
27698
2753
26779
22702
5205
4349
33957
39613
14320
24409
14223
48629
41520
19794
17938
5491
7798
2665
21658
48629
29034
15838
45878
41627
37633
14222
2583
10849
27386
27108
31535
24514
9703
25154
32185
17293
40519
11916
30242
28501
48530
31345
4908
48931
44970
8010
29124
39250
33260
37678
28578
4477
46438
1501
4570
5463
11465
40299
10980
14140
2036
27002
7811
27259
4752
8761
1243
5232
28857
18755
23709
10005
23097
46135
48048
20820
48309
19986
18585
16877
49206
39095
14995
21768
2847
20060
18137
9143
24019
44686
9561
22501
43243
26239
20358
33130
16699
5919
9333
26918
19258
35263
43725
13457
23323
38339
7798
15040
14896
9266
12067
30551
13060
29265
33779
7726
24184
42392
40564
15987
18892
43915
20987
31587
8177
2028
8879
33328
22057
14674
47338
15960
9084
25006
14403
38578
35871
14457
2461
48641
31760
43094
8117
48725
25175
41528
46063
14363
28598
18127
15332
23557
46606
6550
20481
2326
36887
19620
24620
19669
15262
16134
24500
42207
9369
27260
28040
8276
44311
7864
30545
31365
26172
2694
34862
4971
24582
33357
43740
20801
5199
47939
42728
12068
7426
23514
11030
24215
41683
26451
31642
40193
17566
2790
8495
4241
9761
24386
38169
41334
34004
46967
41209
12999
22705
8163
15586
25035
10272
5708
18856
3687
24290
19634
17850
19698
21589
43767
17248
31998
9999
48587
43475
43616
1629
22190
20562
36557
38946
4814
47076
24220
43236
24829
21467
10663
33000
4882
16315
15639
19534
44985
17397
34376
18555
20832
14141
6369
18697
22478
36904
12392
39233
21911
48719
19367
33890
20949
39179
29020
13678
47763
8427
7140
9146
8373
49789
17061
17067
25561
14058
8960
26689
30234
8384
44577
22991
35857
45853
1492
9301
25898
49994
21765
7433
22350
29361
33077
36393
2926
24696
18128
25694
42749
15745
11275
46036
3508
6956
6731
1746
30788
8680
26965
7380
3096
24297
36876
36218
9365
17365
2348
3633
28919
27308
31341
45268
43528
24944
44174
42208
18118
49036
10752
49601
1298
13266
4160
26933
22593
31002
6905
18540
42971
23096
45418
41607
6545
15664
24094
14145
29194
25591
13908
8964
46002
18030
26986
45886
8035
9633
13437
24341
28953
45648
5098
15019
11963
31218
4379
26541
30247
13134
9340
9182
19656
25835
29462
12554
35356
40708
1959
25970
21178
9798
18254
4055
22123
4304
31609
18451
42150
45141
44851
27814
15652
13015
40390
23413
41594
42949
18839
14889
11973
21278
25833
18890
18831
19334
36784
33992
46896
23822
30054
2544
4748
24901
20168
30395
17271
2982
46438
26983
8336
37501
38645
14590
9250
6136
7704
45274
4004
39398
9135
21730
19544
21742
40139
22563
12400
44172
12060
4735
17928
43699
8692
1663
23923
21945
7926
10923
15435
28988
22283
14079
12170
32594
11649
32698
42622
39062
7226
4372
49029
2318
26638
44774
15927
16980
29358
30354
42188
8393
32859
27117
30279
4037
23247
34730
12004
42355
3476
9768
14135
1239
10179
29064
2694
14461
5644
4763
18694
7582
35261
13052
9769
13334
18163
2262
27418
25101
2975
48113
38986
40266
15555
8254
29564
7300
1355
2109
48478
25673
45318
24352
42365
8166
1691
13664
20260
5228
5215
34976
48177
5515
28776
34050
42828
4225
6641
26054
49578
26991
13578
1918
46188
18859
28039
6265
27572
5079
6315
42044
1772
18987
6002
8798
25914
5514
49158
8113
38708
23616
16017
40186
5599
45811
5679
36819
14119
7983
34755
37250
22628
7780
2104
6446
31398
33532
7417
33255
29623
10081
26833
24110
35087
25418
21648
8049
25173
10444
19220
6431
17066
28413
32788
3110
8440
23886
33403
9608
8203
18886
15657
39858
3612
8087
3247
1265
28269
27381
4667
10514
23461
27424
35659
34198
27527
19483
19998
21998
14616
9737
23842
46781
6587
41944
40992
37539
49389
25470
3400
45144
1884
22486
17166
28203
20963
46245
32073
26914
37978
30548
5805
19062
30465
17423
49817
29311
40508
33942
9187
17932
46151
23163
37316
3058
8766
8581
15702
13032
9013
39885
22238
9033
30176
5775
9563
6952
48785
7660
49193
45744
9338
46942
13853
1886
12657
6907
27666
19143
20069
21347
1237
38965
4500
21114
27710
25618
23682
27837
37848
8845
25182
46003
20292
22354
12525
23796
20110
18310
46875
39486
17169
7209
15133
9682
17193
4857
1470
5520
2457
30457
21345
28833
12197
20562
5631
38997
41691
36881
5739
39246
6382
5190
29946
5525
30691
27354
2876
20349
6852
24299
24898
2748
29959
16492
19469
38177
25270
31007
23894
4618
49466
14653
4759
34744
12655
36047
30281
41611
6785
15043
44535
41668
1824
41688
1597
9436
9039
5331
28148
35770
4752
10562
37579
17497
5346
30732
2371
30045
23719
41574
29124
3498
36217
6974
14040
2055
6743
19516
45479
7751
3697
3163
40571
40196
41764
10505
14959
28157
8907
4534
8513
35976
21184
9004
31838
7744
38031
47193
24874
1657
18979
29912
6955
10833
43946
8835
19806
13281
7289
16614
7324
41009
21687
5094
3298
6878
5301
28611
4734
3558
27987
5136
49526
32882
2984
17112
19970
5511
15206
25426
20987
42253
6805
5832
39106
19809
7900
4610
14340
6791
5752
40370
5202
31102
6694
28004
38335
7947
39072
34258
3447
35254
28494
4500
48764
26283
38664
17667
2827
42693
34452
11744
3636
45570
28131
16242
26731
4903
2138
44475
11581
49605
22393
22054
34173
25370
8452
48023
41957
42763
22177
24538
16850
6828
28973
42995
8286
4224
24857
2833
47138
24449
3379
36992
40960
16608
35893
23793
9978
9929
16726
13572
20334
6994
39356
29647
1620
49056
1894
3103
6081
2504
4385
34545
24592
38682
5570
9483
45189
34591
38997
11875
23259
16368
8287
41033
5066
38082
8399
20171
8139
20899
29358
9056
7022
32484
30156
15639
10325
2466
20900
43555
42323
20196
36722
2872
31814
37028
25514
26622
23668
11626
15774
8722
10162
11543
47309
19217
4503
11905
24511
4616
28989
6461
18554
30928
5274
31376
16401
7488
1624
3382
47779
5767
2712
17164
12638
26491
19757
21420
6225
17095
21302
1411
31694
16552
23995
22056
38500
8868
6853
27464
3867
24845
29627
3997
22412
9862
2474
29107
48138
39563
20149
3625
20093
21972
16517
36143
8496
48230
17541
42856
11268
7662
3862
10595
1122
42386
14988
30266
46242
4884
9878
3185
22925
33662
28080
36920
28525
1705
7308
19915
36173
21546
21323
19786
13998
12595
14944
31703
28851
6332
2605
28132
41314
34754
38789
20282
3853
2873
2435
35388
21764
1880
27727
9366
7652
18398
45440
16274
2422
25140
13164
8268
12990
22348
19294
22850
26426
16607
27103
32270
17838
8709
10191
27090
23981
26236
13524
5669
36559
31475
1509
33325
19541
40635
28541
45514
19345
4445
36551
23832
39124
13170
3286
37285
37847
22968
28528
24543
5829
36052
7866
32605
36265
3358
4737
30109
8525
27994
46484
32049
3901
10491
8328
3343
35729
13909
15356
24819
47031
20108
5827
25171
7899
7060
45828
42035
1079
43453
3980
20698
15141
34179
34676
5945
13855
7422
45831
17732
47534
12352
44150
28618
34217
8176
23159
46959
19021
9801
21036
32322
23243
33967
12450
13834
27602
15967
38244
40872
35970
21795
45242
24745
22904
14709
26175
4216
3994
1408
49296
26629
22634
11466
4714
8359
28139
7694
31784
1842
49243
41788
1959
15155
23815
9736
48112
45504
36805
9639
1669
8702
45469
11829
42679
8881
31453
46842
35630
22046
1808
13344
23626
37500
4261
48084
2661
1372
10733
2528
7178
22591
1934
46962
4226
7145
16519
14499
47292
6487
37352
27396
21584
6637
27927
31292
33885
15924
15543
29751
16336
8999
46682
24893
47472
1498
48422
11990
41627
31845
37565
44290
35350
48691
11557
46093
10604
13241
39089
27336
18269
28812
2981
2428
8929
3852
21625
2010
14147
18221
30787
37091
4340
32920
39082
42673
26816
20506
20380
18125
33917
33592
3462
18931
9508
9108
49834
31197
38959
24186
32388
7673
43025
44951
5663
27082
34102
28986
7104
17756
3475
2553
8314
23480
39959
43920
32719
47426
23735
40477
10753
49094
2654
40959
6899
23476
4621
15476
6270
10567
40061
7693
12080
45893
29929
27127
48773
7191
5939
33614
3990
4187
31571
6831
2914
44382
36988
29446
2051
44095
49471
7757
32076
8332
1800
32958
14278
2538
7702
5908
13485
12215
42215
2956
1443
38725
14173
12731
44314
2403
16137
4522
34260
14266
25425
5924
28527
5782
30789
1605
35057
26127
17059
8024
30816
18962
22955
34529
41555
4892
29944
47571
39682
23383
24175
8223
9268
9005
10362
18214
3909
32595
18530
39609
5656
1854
3319
46128
46073
8218
4596
35900
47425
47655
4384
26678
28626
1557
5758
42927
38346
17294
35843
8515
22494
2135
25572
40708
11049
6346
30482
1318
26946
23528
47511
5091
7344
27797
9813
20720
27374
48078
42893
18840
17275
47868
1572
38477
1247
32203
17435
12604
48724
43657
18265
47239
35692
18985
23535
38938
40501
3969
20290
30182
28975
26174
10805
4359
12149
4330
2786
1600
2424
9170
4087
7622
20269
5793
10514
40881
43149
12223
17863
15507
46569
19338
17680
20206
9371
9532
17159
17726
20951
11923
46728
24099
34210
34311
1893
6925
8464
30391
11728
12509
33930
16199
29494
3777
27082
27806
17664
13898
10838
47953
16488
11051
43024
5691
2938
18721
30314
38917
36961
31719
24913
25497
37817
39288
29457
9600
24785
43179
47627
15827
9617
39441
7584
21019
22707
7986
5066
16779
14381
12228
9239
45962
29371
3405
13378
47902
47594
46965
9722
8922
17104
6747
21956
6288
31427
7941
15411
3957
43973
31787
21356
28425
3032
2731
43201
26333
13748
23357
8326
13030
42715
2381
17214
5515
6351
18951
21819
31666
36240
31809
46073
15275
26391
9833
45987
34346
12546
18568
5841
12926
31839
18975
15730
39174
10802
6575
21370
42245
14131
18742
38507
33590
27050
7571
1578
13101
7441
20254
14048
15719
5858
6735
13834
29917
9431
17011
34962
19858
18102
45367
17758
14151
18049
30801
21265
21311
34320
13516
9501
17027
10681
27059
35782
8372
38590
22395
37361
5646
4421
6527
9010
5980
6483
18208
16601
21858
18327
1737
4770
24614
13587
9302
18772
5152
13751
8925
3592
44965
3809
2948
2532
18281
10530
11607
3458
37405
18573
18148
40965
28964
43227
9015
31803
6454
26087
14296
5969
38074
15349
14911
2126
26753
6857
46732
8273
48185
5032
36104
6323
14277
19038
9218
17172
7608
10949
33123
40338
42340
33233
25831
33007
30898
5722
23458
4554
26437
33059
9465
38259
15839
9758
3593
42878
5200
6948
31001
31481
3149
14266
19884
41038
33408
7537
40796
25794
23735
37075
9679
14964
1655
5973
16656
21129
37922
7406
31389
5529
34067
3467
9950
9283
23016
4694
21213
34039
36882
6953
29184
29672
43184
7148
48503
1756
4433
6976
49324
28535
7363
27284
9001
2179
44013
1923
42402
25368
8322
42401
26899
11672
23214
46807
14264
19553
4643
1953
41979
25158
37593
10485
42162
18219
27169
3375
41005
33012
3915
48706
41410
42614
21296
30984
20832
36831
30421
16776
9831
20684
7314
26845
26705
48859
14483
10180
1915
6364
9074
25120
22184
38680
9057
4162
19582
25641
37683
32134
26401
1932
8037
9224
15998
43879
3566
19665
9943
6342
9706
6894
45392
17093
13462
10206
41402
28838
2944
30975
28126
23786
7485
46022
14396
5550
18795
3782
17046
5764
2224
1440
33727
33747
5298
12070
22065
2650
10880
23425
7120
41956
8335
37391
12335
11269
37605
26611
22277
25128
43209
5338
1275
25650
34896
5954
38881
7806
14630
49431
1787
17853
39004
4198
4427
43739
5253
45166
42882
21455
16744
45429
35306
21345
5953
34602
6824
7264
9587
14732
16670
1840
22121
9207
5780
23977
8680
5343
9832
26842
20147
7071
19476
20289
33651
45739
2684
11506
4995
27976
39946
27533
17251
29480
18850
39227
19869
28476
40281
6555
45033
12666
32058
25155
13757
3459
8782
14577
36003
35649
42870
27620
35768
4593
21944
46747
46162
3849
4695
32438
3593
3599
7148
42620
29664
29767
19212
31132
6616
20724
28284
33563
14448
17137
8925
15297
42131
11501
8835
28158
1367
17932
5327
15929
9943
28810
14528
7650
26496
10593
22351
40817
15236
28473
29848
25102
2860
10957
9838
23209
20919
5214
28594
23211
44049
4677
36201
47070
40442
20820
7998
15817
15864
16526
33796
18335
7669
8998
29754
42508
8794
37913
42438
4509
27432
37060
28472
7054
2152
20054
13772
24843
9518
4688
31178
22846
40836
24710
15585
16015
10926
19142
44740
26388
35561
10743
6054
1375
17018
32247
2370
19659
23881
5460
22023
13978
33648
30215
2097
37154
28959
37900
3436
20908
20089
48683
1667
17761
4116
23389
6867
5779
32323
43638
6784
4573
32399
1866
39643
34325
8141
5123
4449
3794
14333
33347
31603
23552
2174
6073
6281
1419
3759
33954
33293
28387
13259
33546
10151
32498
6388
9099
17895
25769
18702
21881
46879
22975
21830
5734
6710
24060
38985
7511
4766
17966
3672
30817
3267
41664
27010
42616
12661
4553
30262
6560
25378
24321
7335
18916
20239
23583
12165
14707
1727
8210
8817
17897
20853
43212
38667
7427
25289
2188
25636
23959
14625
3692
18189
2328
4950
28062
40879
28360
1653
43337
24907
19346
11873
1347
15113
8210
4879
12646
10238
32001
42878
7494
16729
44432
8795
48940
31095
39485
13505
24270
49524
14461
24611
23511
7032
46255
4673
43428
2176
31386
15878
9367
47223
7317
6105
2718
22351
4554
39406
17433
39704
47594
22142
46938
39432
41958
15342
4350
1142
41415
18549
7074
7734
21040
37997
39107
9966
7254
48442
6371
28639
3951
39142
36634
24694
19790
31568
1820
38192
17421
7903
5678
30466
8739
35879
31242
8112
24112
22673
43258
23099
4520
3426
1235
9371
24989
31730
8120
23223
27674
22127
3143
21121
29631
8322
2928
15856
36856
41583
2268
27323
9146
45948
2886
49463
38424
25825
4420
1880
41646
43624
8687
49602
46672
16493
10743
24073
5047
3514
19926
48906
30507
13121
46834
18917
13564
21913
24989
8407
3823
35808
48918
18757
1371
2484
29261
39712
29483
40553
15189
36552
2267
21861
22430
9669
22316
48129
36589
1650
9602
4420
15121
10308
3958
24922
7238
40060
3507
31391
39890
6575
8735
38849
38486
22732
6123
2469
4076
47116
18580
12474
3623
47399
22256
10614
4683
9449
43591
7371
23785
19515
15109
7209
19766
38073
13482
30289
7295
49227
29191
2130
2983
9177
15310
2284
25816
4088
2143
14060
5919
6119
26714
20024
6757
26185
14607
28726
38969
12960
3825
8723
14925
45457
11993
27254
22826
7920
12004
10135
9553
14141
13979
44015
46488
18253
13941
22056
19715
6598
21287
26855
6041
41136
11154
49417
31740
36221
41605
27806
22929
26522
47922
30517
3849
38158
7766
29532
30884
14932
11796
5902
29634
3791
45750
14626
20371
43314
7644
48698
8654
15444
8933
8665
14761
43701
36649
28135
48425
14490
48191
2878
5972
3009
5742
6191
15079
44010
18060
1752
42139
2372
35055
7346
6583
43609
44982
6138
6942
21790
18164
16000
38682
15380
23853
6555
28043
16315
14043
10294
27512
12019
4504
25423
20065
20579
21230
23189
20589
43080
33341
13792
9670
25365
40258
3418
35457
22870
7336
19863
42704
31243
4112
48460
5414
11006
45978
28062
43644
42630
24935
3411
28197
9949
22911
1016
12121
4943
26319
7434
23616
11469
24604
28767
6970
41879
49102
28000
7917
6627
41513
48027
35474
41757
7486
43167
45190
29519
24592
22927
25302
8657
29457
17109
26581
25866
39501
16297
8732
6401
1141
7747
8752
9168
16554
22197
28861
8934
8552
27580
1137
43998
34227
20543
49715
31446
3399
45390
9619
27182
9929
9639
5209
47001
1314
17583
4895
35338
3226
33682
10383
7473
9535
17573
14946
16711
16110
5046
39297
27014
28443
25763
3414
46169
8719
22389
35646
10217
47537
44137
22978
7382
5180
17977
1806
21912
4747
38760
11295
2440
21306
34387
15004
11756
42347
14827
45063
20055
8330
6982
27673
8998
30907
29814
29033
49087
12827
8421
24005
2204
7370
41539
46790
25995
44555
4187
31477
43961
32545
12617
15053
5634
7077
26428
11697
13983
20533
29221
15306
32230
3021
38095
8010
14892
2691
27646
24531
5799
19048
37192
44740
21310
3177
11852
9101
49223
28758
23557
26288
26725
2682
42734
19259
24254
34413
2140
21885
3668
19673
35534
13230
20460
4916
4313
28705
12244
3896
6850
3898
5595
38702
9464
17487
15893
32256
43858
1863
24904
48813
40764
36662
3909
13057
9450
31017
17684
49248
16204
15482
3596
34280
6661
45731
12255
9093
35119
45682
38944
24835
36908
3198
34311
20679
6048
34109
4595
12615
13782
16436
8653
38601
2139
16543
27342
6852
24397
27940
12048
27848
43189
20991
7430
32755
43944
39511
43689
4348
5174
19203
31497
7688
46067
27287
44246
25983
39761
6353
17362
2305
35860
28625
16043
29665
15295
25540
28915
28016
1163
33938
2579
45792
16017
9907
48471
6497
27633
6673
31628
5241
8904
40833
2135
12571
10709
4978
17752
20501
36111
30789
5534
41258
2101
16254
49662
13901
23974
15292
35309
6146
12049
36341
7015
43694
48736
8929
26459
12789
19897
48613
4265
24651
28110
15663
23770
3958
43992
44276
40983
12951
49301
20547
20351
49642
9247
49880
20804
7864
9442
14173
19958
45567
5721
49999
30978
37605
39506
8956
15729
46885
6637
35400
49541
18144
28724
20566
7735
16509
40809
12415
12398
16220
5367
2927
9513
27830
9481
1502
28794
38962
6336
25232
36721
15288
38494
3010
19659
40370
23329
13394
35292
32817
48082
48680
8986
14614
44013
2375
3429
11345
29409
45577
16057
4473
44137
5544
47042
36346
6334
8024
43258
8393
9585
33706
5219
49331
26481
5524
4567
19133
5025
2987
36961
27720
1146
5292
22044
49064
32514
1695
8392
31215
3193
44215
46301
6875
49333
47938
31191
21536
4557
3979
4646
10960
20180
35003
16017
17204
46951
5956
4395
3251
18700
7669
22137
44921
8225
22925
46115
12473
9100
46843
42073
6415
3751
24627
3048
29050
41613
44967
6347
13685
1118
41938
17356
6814
17592
44325
11259
32024
16316
19196
47466
16076
23756
31587
8541
30760
32308
41594
24610
4085
30861
13957
43245
2198
22264
9565
11014
7454
46855
12396
14616
1269
16545
48346
19030
42541
49281
25994
7957
17273
34764
18820
31857
5140
34381
15486
1304
45390
44660
20432
37022
1836
47625
44849
20816
43974
9407
22322
29101
23589
36974
12523
1076
43141
40694
23207
7734
21451
1261
6716
42250
35759
9548
14719
2376
12577
4854
18858
1616
47032
2748
29095
7604
5836
38435
26353
28824
32753
37458
26552
18258
25557
2255
23346
31989
6575
34138
7627
8221
9030
7909
2072
11726
18870
40122
34296
3821
36506
19897
9227
9431
38249
7886
9350
17792
27711
31293
21392
48537
5330
38889
8938
34359
34634
38845
29425
43531
4520
41058
8655
4217
31358
20359
5744
21513
8080
45245
20898
2795
25471
14670
9507
13223
25562
39047
33455
25925
28886
8873
15531
9612
15363
45763
30250
30460
38931
40443
43382
27094
13428
40138
30569
46448
9592
38149
20363
11090
36172
12716
3112
9864
5376
3022
37934
42380
27360
20307
7042
23822
18206
25215
37377
41730
21433
1149
36757
1911
4814
9949
10744
24432
3633
9950
28789
1604
16315
6685
2831
14579
15422
22850
26811
33142
38902
18018
37249
44059
18124
40794
9222
3870
27977
46503
8135
44317
5003
23601
46716
20921
13096
41741
45252
6226
36512
39903
32307
14835
2351
42230
38660
27975
9172
46082
27310
6135
45000
37807
19753
34296
5855
1720
36800
19634
9993
8158
30071
49461
29841
5848
28751
40193
21560
15412
41423
10181
5402
11630
16459
42839
20364
1293
30520
4866
12438
30131
35653
49353
1109
39233
9478
27687
8398
36882
6347
23933
3002
9688
9507
15443
5560
13973
9973
21749
21487
4229
30976
17254
20842
47824
41973
25395
4978
4312
18965
21953
33479
17279
2194
27917
25104
1507
38971
15255
44566
1560
31498
6284
9589
13488
4987
18194
41421
7524
3121
31531
7713
25676
27891
21368
1526
8735
4730
23608
39164
44342
40217
11328
31739
41132
43195
13160
7924
26230
37072
8614
30880
13141
2535
22022
44841
10879
15032
1336
18534
2837
17409
1124
23366
47897
13921
48184
2240
2260
28333
23594
11855
12329
2007
49223
5151
29846
8729
26299
37991
8304
8448
48125
34659
2710
26120
24793
30270
30752
7702
19903
29515
13261
48081
47334
40862
23158
22941
5903
13659
49397
22020
10128
27767
15311
8006
24775
8658
34928
12232
6988
44549
45222
18761
26366
10175
37371
32013
5736
23157
23412
35315
42487
40034
26835
35929
19166
6770
45861
48689
30269
9191
9476
12741
44446
18879
25529
10643
22976
17036
5621
5137
6144
4313
8699
27945
23241
9949
3292
31863
32312
13819
6465
49938
39423
31977
12529
2306
20226
23468
2429
14237
44544
40804
37175
28296
31012
15417
26499
38850
4404
1820
4092
3270
19102
42096
7428
7264
30388
25031
9719
47909
35410
9057
26298
35523
39079
49170
21889
2476
1988
20451
8281
37944
17379
3246
35947
28083
31184
27070
16513
13365
7560
44038
46171
45775
15714
49118
29497
23596
28915
22758
6968
22445
19897
44349
26262
3767
27906
8985
17358
1529
21598
32906
6010
20800
6189
15941
11106
43159
26469
47688
49349
15024
44789
13789
21134
44810
31491
34290
13304
25672
9688
27925
37917
29920
5256
41467
11226
45294
43770
27978
22642
45024
26958
8125
12076
2857
5793
14392
9076
20265
30034
19546
22934
28212
11037
28385
36826
5816
43533
27577
5444
31356
3785
4007
4756
21443
21379
24128
6689
28889
9135
4626
30689
41889
32804
25610
29107
26434
6597
36819
36975
6452
2572
5440
5777
22335
49667
5604
10439
1810
49047
33603
1374
5652
27449
1313
4294
14826
37788
4930
18357
16159
25833
26835
3140
29211
5939
6541
32998
3988
31122
29271
4812
4706
2180
4624
4834
6541
20164
7420
3664
31898
8003
12025
12181
24093
21512
14390
28036
26681
12343
7838
2005
11588
15025
10317
19004
17030
4947
2068
31738
21928
29725
33192
43159
3285
38302
29095
37015
8832
32769
20485
9420
3856
15927
41205
1440
43170
6753
3471
46930
4926
31629
12481
8825
2570
16317
15420
47454
6140
29544
27408
10998
24926
2176
12271
2202
32917
24033
29125
49047
30888
24949
7655
42594
14115
17048
46722
9498
2155
9957
37341
5354
2362
17167
12650
8539
25481
41070
42010
1179
5905
47666
23117
8020
9504
6317
11160
39781
29287
47996
27938
17176
49353
47893
16553
13387
11561
3006
17363
15865
7102
14840
10892
6669
13635
7209
45027
45669
45357
47134
9683
30009
28973
9646
5782
14090
11705
16442
42516
7386
25538
24526
29366
8571
45004
13249
16481
22461
34527
15785
34677
16441
24820
11694
36619
41598
41629
10019
11126
17649
10946
23612
43218
10348
16147
12845
40279
14870
28707
7744
19923
20485
12211
40520
42510
36791
7952
28465
44293
6661
13982
15044
23829
27465
29904
14256
32447
7421
4528
22859
1462
19128
1782
29552
40406
1205
8252
3169
11427
4786
14110
18660
6554
48141
44813
3057
35620
3943
42882
32356
32233
27997
10516
10671
22325
9005
2427
6548
34929
13156
25718
23634
26368
49725
17347
30605
33397
46025
12396
21018
12542
37990
23099
47108
38892
6313
10047
44638
22612
5152
48324
19383
13787
6796
38281
44541
21176
25486
11074
12195
5410
7483
45003
2930
8917
44793
9527
9550
47341
9138
19105
35405
2870
9312
4170
48751
43119
6514
48225
1519
39652
3399
28763
21730
43090
38564
5778
1250
30900
12175
12482
9862
4598
6273
6936
12341
10242
25063
7745
43608
28438
20426
36446
46372
20159
5259
1511
47727
1410
27158
5996
13690
25624
18148
17538
31504
19923
10511
32628
35497
29734
2710
28937
38596
46159
44661
21014
11863
26984
14479
35194
27167
22056
21653
34925
47796
40318
3340
45167
35829
3657
3192
39470
33573
47952
20404
7434
18880
17775
27453
29221
26138
6421
40681
17375
49287
4315
20660
26051
39524
14523
42378
33041
34192
32455
19186
22924
24837
12740
21506
39172
42735
7129
7833
31431
39253
30978
18751
41652
29865
14723
25055
21022
8222
14314
49691
33254
25570
37238
38652
42681
1881
23671
1103
40176
28004
20531
26093
26188
9419
15834
49980
13899
5756
9874
21220
2992
31607
7854
35079
7995
9258
40899
5732
22130
26950
23831
23886
4291
33196
12928
1671
20548
39039
31006
2859
35120
11202
34438
22624
28220
45306
34660
27466
9413
2892
13292
23150
11703
2045
5351
2250
28022
42931
36285
28745
13229
27665
21174
42479
1870
34105
36987
8558
4217
2387
5434
14900
29512
39075
45723
6787
23973
5695
31611
7254
7783
15970
21138
42646
24171
4150
43085
10523
20364
11842
6728
12117
1876
38259
9345
7374
29577
17360
7349
29232
9263
4362
42878
1368
44338
14838
5465
38134
4293
30657
12239
18963
48363
41867
48622
7658
26421
15397
3643
21487
9741
38162
22697
39782
23881
37447
18787
48961
26477
14889
4706
41366
9482
15960
27055
27128
45268
2942
28532
2070
5456
21074
34406
1532
41739
25165
24789
6332
25992
5044
39750
6823
6644
23794
30365
37104
6729
10574
41160
43372
22744
16838
47577
19934
6367
7193
30776
12574
33277
43495
5589
9962
5096
29364
27601
23846
6544
13528
41935
11020
24889
43762
44648
24334
15194
40929
45949
3054
4217
36175
13772
11711
41875
2846
1704
19163
13550
25603
3306
8944
30650
25995
35091
4104
48693
2303
11693
3607
8654
6878
6420
7566
2919
11943
16558
28480
14927
21960
26050
5787
7031
3572
1839
5201
4305
30277
27495
13007
3061
14920
49029
13122
27621
14355
26412
20684
41334
46391
5073
36485
12117
23553
28304
17308
5490
4694
49173
36340
23721
9160
9229
16004
10591
4128
20249
3283
39771
16399
24077
17964
9496
25242
9159
39269
21105
4350
4503
23679
26314
31369
36056
25637
20545
21894
26808
19859
1802
47196
24737
49239
46858
17642
23623
12813
1900
28229
31112
33339
4014
20361
8015
32166
8042
18939
8616
3969
23513
6444
7825
20276
25144
1858
11961
35739
48623
31807
21997
22231
2947
2926
3672
11988
13792
9967
1955
18130
4740
43682
41863
9735
17832
46568
19409
3921
28377
21956
12799
47831
2651
43419
3692
9280
7982
11100
20582
3763
42150
7402
41499
11823
38979
7363
26760
37832
3646
4030
36250
8651
12855
42244
7403
18384
38080
12741
38155
25740
16689
42583
17949
12650
16367
32276
4447
21626
9216
17805
18002
5649
6199
22633
1780
39342
46687
14496
49330
6309
41030
20254
28478
42850
6030
27199
20171
40483
4365
8983
28604
49068
17717
5128
38820
33205
2760
44217
45553
47689
30255
17106
46973
16362
16217
29672
7729
7214
49801
17975
6092
45852
40626
14872
12396
8918
18089
9657
29619
4079
8202
47266
6764
39518
18612
23562
32341
7075
4459
2787
3898
16428
35832
11529
3608
25118
8120
33504
3611
26699
1639
17513
42538
27345
16256
21133
49045
36667
44820
31639
31445
5942
30302
13495
5745
34663
19002
19146
10755
8972
41720
34954
32460
32188
27649
37348
38988
26416
7716
7329
20840
39638
48067
18500
32069
42031
5243
7724
18673
10720
6958
1248
24121
29099
6113
7287
49328
3929
13551
13657
26464
34769
20989
19661
14776
29438
17497
12679
18962
43190
26056
21718
21223
49780
49089
11078
25899
38173
15585
11194
21993
18092
37578
19945
11905
2110
2420
31756
2313
8322
10694
20996
4677
25906
5866
11087
14223
16252
6458
48488
7385
6389
1953
20455
47060
23652
22252
39922
16309
18678
16023
18616
28871
43508
15701
27542
9569
37527
3594
16722
27796
37710
19884
4779
19699
26097
16410
27082
11512
3098
10203
49843
8730
12121
2905
41235
3382
19663
4518
8199
17051
22862
5117
26151
7594
6527
17216
49637
22597
14742
1261
38665
22902
40031
40240
2821
14717
2996
11480
15794
47713
1117
24547
19984
25571
26537
29641
17523
18093
20826
10621
16615
38342
24081
16032
16079
23499
35524
42820
11572
38351
14020
17431
24474
1093
8730
5199
19691
4204
49010
10444
29434
19310
21411
29265
21127
42960
9035
12282
23139
26859
31938
19221
30046
3126
29907
38383
17646
1806
2473
22996
32711
7906
27493
48442
32218
29255
31057
3310
36947
10229
25432
1824
38563
31865
33285
5661
29047
13914
33133
8694
22795
19973
11261
31615
42929
5765
5367
8123
30108
15994
1129
3847
9626
38436
21800
26683
23021
14300
5909
6542
23375
26803
37819
18257
47734
7705
14557
1376
44071
10400
37806
17317
19408
8554
11830
48967
21105
7793
14288
36014
30098
23408
38474
8780
20722
48487
4966
3833
40936
38831
16407
6685
11228
26610
42179
26335
7783
48715
5943
46057
23435
42555
19311
3017
48493
12117
10021
25645
46462
25886
4035
31965
7361
35824
18088
47769
9144
29024
8127
10511
2842
34349
6468
7966
28522
28267
24217
24129
7683
32417
7087
17880
9420
4041
41870
8489
31043
29081
32130
40503
37352
2075
28569
23326
18439
21213
48869
8716
34954
45962
13871
7494
36492
6683
17032
45694
26583
16741
18915
30390
1170
6875
13531
3549
23693
32254
10567
20103
44078
9326
1226
5763
5406
20587
6897
7243
37895
34491
17857
10027
8676
4233
10050
16075
8276
44219
7337
3557
3227
4175
43960
30447
27142
34301
6100
3395
4604
44825
33226
25492
33058
21655
15399
7589
10670
21275
28472
2227
32433
8869
9384
15846
45881
24222
46097
4559
19108
37556
45608
1235
10708
2992
36262
6678
13194
44554
49043
1101
7041
14836
19582
6504
11041
29486
23809
30983
38661
38151
32397
27502
44387
33940
17524
23068
7808
1438
2222
22584
42442
2520
34015
47392
3627
46092
46567
10679
19362
49014
15207
48457
39445
8355
36271
19409
40739
25312
26127
43211
26949
16293
4591
7842
16846
46729
6036
20790
11860
13219
14071
17529
6810
36145
24954
27060
6688
25765
1557
37610
4825
4805
15986
18338
12726
10209
6415
40476
23489
1136
40907
43717
13148
8352
13717
16151
3194
10325
4356
10062
6892
21247
49292
44650
17909
9981
5395
20462
18524
31454
41631
5131
23633
3522
8503
46845
10076
18669
7650
2135
5982
3033
31340
4864
7263
12650
28918
1221
1288
28969
7188
24006
13030
19417
28924
22605
12637
3116
17378
27612
29411
39947
46334
46122
34450
1385
8185
12504
13210
10462
3790
4054
35850
10002
48918
4623
41091
29048
25165
1191
8106
17499
46965
48550
8287
31390
13857
37696
10798
2157
31381
39349
33025
6300
26504
28218
23135
11218
21344
49832
28238
40306
36765
20933
15338
28242
1821
21470
8732
7770
1939
30417
7903
23100
39452
15473
42651
40845
9278
17841
2349
25911
16554
25500
44150
12155
47290
38023
22770
5985
28524
6755
41037
11780
22589
7005
41560
20983
3925
12588
10429
11480
3376
25173
49426
5210
1172
25787
35689
37067
16147
8082
32045
49018
25878
12075
12053
25026
12949
47316
2218
8423
34113
29984
9724
1311
15856
29615
32040
46189
1155
21940
17464
45303
30013
19014
4488
3899
25709
7433
5014
7692
26772
23432
34666
45089
42139
5585
17186
38785
9120
6866
22399
25926
10743
34157
16033
46426
24105
36846
2583
7853
2281
29831
19371
24023
37037
3066
26088
2842
20731
15722
4758
39976
36043
14780
24510
2476
43578
1416
13876
17468
23602
24207
23902
5122
29504
33159
2814
33382
21839
4994
8295
3829
1282
26164
18117
17465
32043
36351
20217
6937
10698
23018
41360
43286
44471
18725
47818
7837
11417
2630
8044
36420
40829
30664
2249
25624
23121
2541
37361
6157
33320
31726
1469
2232
13779
18707
3781
48184
42059
15751
22111
37418
44840
17793
37945
9118
2212
21811
3613
2487
23432
42114
7286
21731
5915
1855
26495
22691
29203
26672
20631
19642
25981
9283
22241
24004
48478
19416
45585
10614
22671
9150
21059
19589
8559
9514
2008
36463
46227
45141
7415
37898
22961
3599
1010
3822
26376
44149
8673
8168
32183
2435
1236
9332
18839
47064
25218
46860
40998
49990
23260
5871
34960
39096
30508
21147
43255
23357
11388
5466
34219
20989
15638
37212
33695
48965
32244
39874
47178
38282
18079
25919
46409
2019
21419
23500
3637
33315
11890
7516
2188
47695
5237
23648
29537
35051
7382
49014
22312
2202
15501
42174
19501
35217
12973
11559
14041
42931
27184
26230
23720
48005
27523
25122
5534
43717
37860
24833
15426
26728
40973
2909
47578
26179
42602
11897
16615
1582
41266
25916
14574
49488
15675
22476
27779
32293
19215
15006
49567
17107
2095
47781
9067
2939
25088
3995
33170
1776
1365
26495
49160
28333
8603
44080
37184
22662
9082
47261
8631
6133
4595
11937
1701
11435
8313
27496
49033
24234
5554
49174
11169
48104
12436
1786
38346
6434
12004
18753
26517
9203
46765
7250
12517
12160
42327
43610
44797
23925
49961
26151
2212
20396
33946
1484
7421
20744
20567
16006
1469
47989
20286
8237
21588
16257
21614
21241
40053
42728
23457
14194
42106
3722
12301
14567
29923
12984
7678
20791
8529
18283
14866
16308
40248
40822
35860
20832
43421
4855
15241
45244
9769
24451
34395
9334
21140
36805
2836
18905
17902
4539
7585
38364
46418
27412
22017
3890
26583
23168
35599
6052
19230
35793
44207
19466
16294
6079
2605
13424
43436
8405
14481
1210
24564
11753
32961
24513
29618
17813
32489
3102
1396
25143
9057
2460
7487
12798
16404
47535
18995
22188
16009
33638
42917
17110
20274
28542
14767
21685
9481
29388
34971
7373
6521
6288
8264
25043
26043
1172
20669
46438
27451
49327
40381
42878
49292
13305
13427
2750
47728
9118
44704
22673
20406
25379
15951
10674
40305
37040
20271
12578
48509
1441
33037
1583
15058
28075
33178
30175
3553
2341
9087
1949
31046
45779
37056
27113
24682
15243
10423
15632
9398
14634
31729
17638
2033
13870
6721
2125
6093
12701
5248
7507
25319
10182
27885
15562
7861
5372
6446
31541
2221
28460
25738
40749
11498
32893
22822
9451
7195
24716
2934
18629
26956
6460
26112
34946
30396
11178
6007
36285
1913
48772
3906
7090
19558
15311
30518
8977
5888
2156
14727
22215
43372
10238
25164
13093
8983
28149
8944
6414
34334
9437
29885
14783
28362
3616
42461
48303
17404
20379
47714
7883
4682
31576
23120
37764
29380
18947
8742
38851
35117
26724
42848
46466
2720
1923
13944
28195
5780
29288
19508
4662
41163
6358
24455
1880
20635
30787
40483
43538
27120
29620
23750
16333
22181
25116
13151
5000
16715
8810
21104
36694
1235
24682
20772
9631
9456
22586
22106
23733
34290
8380
27442
48593
22243
30597
38810
17417
27907
28238
31340
8945
12924
10947
20037
12082
42225
40499
2659
21762
13612
45818
23542
49863
27540
1074
3157
1098
10678
10363
5045
46459
23367
37208
19346
29883
7399
9352
6046
1739
6844
14258
25497
46922
19865
26741
18629
17210
45246
35349
19375
17074
35025
30184
23682
1463
9386
46206
27576
21231
20911
17422
24093
2893
6456
24161
23404
30214
37897
8949
37728
6515
25542
46494
30878
10336
18623
5057
8528
13697
38996
40388
9230
7989
1625
44985
17540
11807
1063
19950
26327
35562
3984
37785
36672
26351
38299
11255
29814
40166
38966
33230
12376
1446
48382
40810
18891
21989
14926
37752
33057
47611
26168
3854
16982
9757
2044
1295
6685
4718
20597
17783
10453
9734
8855
8482
22471
49385
28188
6325
16791
5958
41129
25013
48886
32078
2474
6471
21320
8181
2939
29421
29610
8283
42058
40441
6882
4594
8486
46816
6329
7702
17260
44946
40331
44038
12627
29545
27993
43664
25209
24373
25102
9134
17531
5449
6483
4402
35324
34691
16614
8766
38966
25252
8421
30251
2301
7140
34170
2502
47828
9205
3579
35467
37040
47561
21687
37902
40635
32447
26540
39015
35695
40921
38388
47885
28166
28132
21238
5478
38942
41938
33587
42465
36401
3178
23141
30085
3165
11826
40024
18078
34531
36193
4023
19924
41176
19852
7219
12078
5109
30661
15887
48798
7335
7843
9582
7051
40833
18678
3008
40083
17192
34233
7105
21749
2113
21144
20928
29443
20486
8776
7822
7581
32611
26787
19877
40271
25786
1092
37841
27861
1799
34611
42263
21325
45783
30053
28816
7263
25207
9143
49538
44933
9091
1323
30925
6001
25832
46588
22216
23576
47796
37494
3952
9413
12032
17852
10159
15051
21483
5407
11269
49558
37139
9237
4684
21310
11726
33543
49050
5978
11609
42602
7747
2100
15884
14564
42605
10836
42445
45917
43985
12742
18978
41272
28685
36919
49320
37162
6851
33961
4497
29060
5768
46055
1333
20976
25343
31041
3465
40937
44387
11222
7261
45992
12086
4720
47693
22561
32678
39511
27932
39750
44319
9436
34474
5543
25799
6951
6587
39818
9148
20850
19804
30236
41655
48408
4913
6112
5276
49525
1359
2132
32937
34530
37490
3442
19744
34403
39891
20002
38552
9186
20021
8161
35638
28061
11900
42112
20217
28692
8791
36311
46458
10213
5308
17529
18336
48252
26290
46686
2537
35360
21452
21721
6716
46752
42867
21859
21812
5146
28167
36949
13333
7077
30784
3465
32839
40033
1807
39850
38685
34830
3501
4159
23585
18631
36113
49148
49500
46097
25894
36926
25454
12668
13518
22112
8785
31987
24850
17841
30774
6576
36301
48857
48084
19652
6132
28346
4502
4094
12375
44343
3333
31302
8015
15474
36339
5525
39265
9380
17092
26060
1616
23374
44918
15885
28658
3207
46471
6438
45692
29576
38161
26789
28503
5992
39244
42199
18774
4493
2872
44168
46252
38387
13447
2757
29906
24923
24244
9525
17440
28740
8160
48155
41903
1504
14409
27489
26226
36509
22714
38576
20869
36561
22126
8928
19938
3741
8340
32582
26350
5340
18805
34057
2954
9899
24605
36973
12450
48748
11545
35876
45483
47379
41982
48217
48488
6401
16915
1421
34580
45992
8547
18450
30755
2345
37062
34907
14877
10796
16526
40686
30811
5157
20750
25877
6093
18276
30179
19830
7781
7352
6836
40656
28389
6864
8990
5271
12004
2755
27405
44125
16026
22016
34579
35350
49983
46643
5672
23452
6317
45494
8286
4075
6889
35534
18042
25867
5318
1461
48664
14966
28962
7439
9720
44029
26624
20961
22356
23873
7338
7694
7500
4788
20530
40847
25387
4561
6644
26655
1098
1286
25844
5571
6879
8987
40389
5343
10756
13910
21049
7976
26911
3490
14579
5244
45859
4026
16741
12705
44701
47038
6272
16197
11560
26340
35901
11363
16309
42578
26178
42139
17079
17718
10627
36388
30647
22926
31630
13599
7204
2892
48695
15773
16811
20957
33792
16123
33164
18493
35637
39840
7924
8509
9524
8076
12513
24857
32462
48986
3568
31579
33952
3770
4671
39939
4278
12362
4663
18047
17763
30864
7174
3637
3322
8572
36495
13487
25106
28363
39176
17335
23608
3196
1823
49692
24151
3291
39066
6098
20100
8319
1184
18747
4571
30740
37135
17319
41939
7644
2377
3818
47981
13306
23840
23589
46992
1858
6472
15011
26903
18941
4314
28414
18460
29015
1079
6255
46231
49676
40383
29165
45446
18665
8841
17252
20426
14244
14994
46024
17724
7886
38033
19542
2654
49354
4879
3890
5330
15502
39485
8457
7742
30233
48059
36136
44884
48943
33578
17184
27784
17740
45531
3489
8383
9330
24962
34375
7922
20611
6289
31335
24996
25225
47987
28493
36285
39056
7931
41514
25159
47903
44190
2766
1173
8172
1498
44837
7129
26697
4340
32624
27626
32851
21042
49723
10953
28046
8352
34945
3906
41402
32169
4645
40038
38745
25645
28897
45072
13748
31235
23477
24403
4709
44503
34960
13320
2303
36913
24924
43006
9119
1242
9087
1164
4680
18130
4809
46370
15928
35259
17981
7907
45227
11247
8691
25950
31725
41210
31622
14090
25274
12957
25041
37387
37642
45381
43792
20506
34553
11447
17794
1054
17481
5511
2375
8281
4837
27513
15285
18704
40798
24593
18203
2073
12181
40034
8175
7800
36113
21968
31244
31432
27147
8918
26661
28997
36604
7713
34871
22744
30772
31362
5278
3488
14822
2672
3635
21753
43766
15407
28067
4535
44406
47473
42625
22773
30315
6443
36443
7887
11878
7335
44918
23247
10805
13214
7115
8838
8299
49539
44855
1863
45502
26619
30911
3437
20871
38074
15659
34523
30248
48471
25526
43998
7925
48971
43201
10692
3342
18137
6188
39903
32263
46776
1060
25715
44630
1869
43754
5436
8113
23902
8738
37933
34223
37232
9433
20607
21663
10303
23368
40292
5327
22657
2845
16947
36065
3384
10931
15139
5601
6545
7480
45072
18248
1486
22188
20292
13188
35203
15692
21187
3395
26482
47285
29084
15449
1536
19614
27161
49193
31022
9955
2573
7792
34608
43747
6009
34054
12973
37332
17169
1218
1247
4429
13195
41759
43694
20805
27314
17678
37710
29035
30135
14893
42450
48170
28429
49340
43691
3867
23517
8801
14773
6894
12611
43379
18067
25800
16122
3284
9681
7272
2496
42681
3752
43748
4850
7986
5439
28750
19154
15291
5642
38985
20956
41049
22160
4143
42354
30214
48709
15729
11927
29134
32273
7146
21410
5861
34715
6507
9819
33771
8193
3216
30799
30494
2323
40752
11594
8081
46227
45176
19727
7820
9365
17227
4663
28182
2822
47521
6187
4989
3740
13692
22992
12466
9257
13009
35243
39679
13844
2806
7466
22025
18839
48102
7325
2575
46237
45745
39859
2581
8606
12578
48563
34513
41483
23806
31143
13993
28222
2019
33043
5250
3964
29320
9154
4836
37105
47404
26478
17172
30095
5634
36561
48989
23884
40155
40226
23398
18700
3283
29122
19056
24243
21291
6081
23035
19460
28705
27409
12253
11459
9608
8118
39823
46654
6334
19297
32350
12946
27548
9650
17915
19394
42153
6820
46761
37065
33861
41468
40778
48215
22139
34705
21693
9053
38268
15226
16460
3805
16427
4880
24207
5500
24112
9652
7589
5351
5884
11114
6073
17282
3187
10360
3354
13785
4797
37497
30280
23729
7157
15376
2829
35156
14670
32179
44724
22391
26213
28761
44303
22088
9874
20338
4414
17817
44759
20699
1093
37107
19863
4304
37423
30104
43355
8257
36036
7965
22792
25793
20295
14863
23525
24810
23526
34410
40108
11513
5270
43522
1496
28338
7298
26687
9490
3833
28323
8932
13121
48943
1780
31146
18908
23533
27872
23949
3541
17412
41137
25530
30485
33711
38204
26584
13647
10746
43946
5887
16553
26958
33355
17223
43315
12087
35857
46061
14719
46758
12410
9442
10921
3715
43263
13392
9106
18130
46395
47073
3245
14560
6732
37122
20706
43517
24821
5502
13821
43651
21221
20011
25387
5745
41056
2657
3636
33843
12485
9465
31563
6600
45744
21028
23269
40244
1602
17342
6098
5195
47918
16046
13882
31112
41448
6517
6495
31140
3712
35450
37297
8689
1633
14734
22315
8427
28783
41133
37489
7773
7263
31428
40981
29223
12978
20316
30732
40838
9645
4648
28869
12871
6604
23568
46047
14043
32819
18517
20332
42177
26665
48525
18556
4728
46818
16060
4234
5672
31104
33140
3065
45473
12823
2545
19993
40620
11250
3510
9952
7296
13783
22870
3269
23544
4187
20713
25853
41062
32366
2626
30864
34546
1962
4645
39343
6899
20477
9408
43967
10054
17166
19145
34676
23945
3808
43342
47439
2728
32124
5864
21981
3845
2415
12481
3396
24509
22241
41323
1360
16050
33604
39573
11850
44033
48266
24786
23689
41335
18545
38431
12282
28305
4399
19573
11762
13949
11424
3881
29727
42702
7065
31158
7402
46104
15003
19922
17504
1235
40526
34360
8627
23267
6247
38583
43792
3892
11967
14361
16990
8184
6611
22228
35082
31325
26065
28654
19256
45279
8731
2115
7710
47072
33575
48789
32723
23117
31470
49622
5096
8681
43409
21783
