47533
13450
16085
20689
23051
5783
7619
5346
9392
46242
25033
23890
7195
13967
3106
10217
34723
29583
36798
18322
6089
5457
5294
2691
26294
5483
7932
21774
8015
5513
17189
6444
15281
26184
33017
28147
5135
11162
24178
5307
24057
9079
12992
29465
27494
46550
28772
32995
7965
30566
16476
9524
16971
28681
7141
48397
48219
9537
49918
25560
6434
1768
21666
4928
35670
40074
31123
21983
6349
8749
23886
26649
38335
46228
5961
2908
37575
24797
48889
31790
1783
27055
6745
33776
18235
49642
11521
27825
38395
7716
23678
9593
18286
4009
32020
41508
15077
48479
33679
6898
48546
45935
43975
15820
13139
2475
34156
7373
8264
10805
13576
8382
35759
20022
16581
43440
36949
1364
36919
40230
41930
32563
23579
2087
25534
2103
1406
27422
10855
18167
7978
33160
15101
34536
18829
39021
39553
6111
30353
6287
10763
24168
49690
9784
30091
15237
21539
3103
20423
44347
26428
13753
23753
3268
29444
1364
43444
9915
15149
6958
33230
44115
7652
23210
22527
28069
38085
34560
38229
26782
41159
2346
13810
21469
22056
2880
44528
47451
17062
29083
26043
2780
35646
24066
29379
37123
2010
18322
47917
7148
38073
28065
23592
40941
25301
7870
26404
10932
39386
1091
