21390
43549
46342
9792
14878
16923
9219
36871
4738
16300
10884
8795
15161
10132
5412
11019
13615
46225
5584
45987
9483
27319
28893
9529
24028
5230
7434
36905
40838
49278
35356
10904
5687
9539
32547
39989
22532
17422
35558
4940
17739
12486
1935
36612
18974
5452
26584
20732
19902
20449
6209
32176
36311
9229
2033
13154
8882
26125
10883
6951
40791
29860
20245
34049
1853
29234
8872
9418
44113
42864
42086
34106
9213
22568
8107
25076
9395
5826
2898
2956
7034
3243
30967
2979
26462
25744
14487
43565
35618
21643
20575
48422
14699
36556
6097
41639
4459
3689
3162
30561
25446
23065
9724
12539
36632
14945
4129
3824
11786
48822
28174
15539
21631
22129
10559
23675
6578
16032
18417
24994
10824
25512
3930
36104
29318
48605
28174
17906
49101
17092
11336
33128
21013
3374
31491
26162
6843
43561
3232
11144
44322
47039
20207
4057
23624
21908
24554
46659
30900
3158
40424
5594
45277
13504
28873
40606
43378
2237
22728
8589
13474
7605
8656
22643
29022
27887
19228
41774
43184
17776
9714
48938
37902
10703
2824
12149
3067
2734
7014
10803
40434
14791
14054
7990
34860
41509
35374
1070
13931
41619
39397
16043
14268
44957
21056
4423
49094
28264
31097
10934
7146
32580
32551
41830
15782
34098
5537
19166
4295
34516
23081
14889
18034
17017
13322
30326
40610
4579
28282
22821
41174
20390
33475
41388
9096
2981
1579
8275
10545
8359
23630
39454
5657
47995
20075
37978
2666
15522
6176
19501
4845
30256
34968
27479
6036
14017
37079
29559
5276
9964
1131
4994
23347
47281
40945
42506
20544
8027
47752
18352
3443
43456
18118
6611
25910
28486
14572
16617
15911
24507
41793
10944
8174
46225
21067
9649
24650
14745
20456
45397
47426
6856
19340
21376
7672
40329
42384
23895
2569
16783
3561
4179
30350
8225
20185
1351
23199
15227
43840
17471
45628
6886
35207
9635
17678
38093
12264
9692
19875
13887
5403
28965
27973
8025
44945
19958
20759
5136
7847
6893
25718
13414
2657
13854
5192
44455
22316
22289
7004
6328
23506
3469
30070
31333
14608
12724
35771
30766
27501
35941
25790
9270
12221
3560
27070
8174
31293
6886
38806
47556
28794
14788
15199
44148
29922
11449
47734
16235
16486
42091
40120
44776
30182
25770
13543
7912
22633
7190
16847
21326
47801
10481
5321
32723
9822
7958
10543
35682
41508
26653
26854
41174
38767
21101
46515
13838
5817
17732
43030
22205
3106
46727
9142
1351
39744
22549
1694
8339
33509
31864
4433
31798
25547
6799
7989
26081
17262
29006
11765
47781
9595
48764
33675
37853
47215
27524
22200
34295
27273
7913
40425
3125
36084
13619
10217
49704
18024
38835
6151
13018
18807
45979
5318
27040
43151
24815
45879
8766
31832
37120
39433
41510
38905
13702
4070
4784
19157
7304
9058
26292
28306
42513
3859
22935
18699
1759
34284
3749
28029
5326
45626
38256
5804
2895
31301
16239
17623
34323
47057
12837
30302
32402
14209
10962
5014
17073
27668
29659
43715
24093
9479
19952
48756
17428
32091
6485
3480
48090
18187
10598
3757
38278
41144
14291
17649
9270
44161
9086
7636
12388
21669
46580
7904
7919
10022
36609
19846
33958
7510
18836
28913
32421
24981
16841
9499
13179
2539
28348
9418
8338
27541
5510
9035
20977
33045
1985
41978
9358
16611
34206
2971
26350
28435
4233
8326
18313
5713
1320
15847
5508
24036
17225
5596
29390
38551
39284
21660
4328
14278
7857
37167
21752
47947
19668
13324
10701
24657
8654
48357
17505
6737
15304
2257
29259
39213
47505
13766
47958
35928
18673
35848
23870
35824
10139
31436
30018
2882
5310
6694
21362
1999
41987
5320
12347
25889
10337
42139
8558
8879
23695
41570
31044
10466
49963
4978
25386
1217
5133
6712
28901
37230
2939
8519
4450
6520
22666
9616
32238
16110
9415
21541
9572
12015
14770
10752
38502
2811
19481
45986
12768
46248
38796
6182
30530
5233
31380
30164
23928
24047
16250
18365
8710
8816
15334
4276
35921
16132
18600
5545
8068
37404
23902
31262
29301
15436
7349
38999
38485
36267
9976
4089
28067
39109
9727
24746
46316
31194
32583
14552
1135
24268
25103
6822
8140
4466
8356
34861
43396
35473
39989
36160
24333
8604
16113
32706
46452
29642
25477
5470
41992
47376
9678
22361
6507
28831
6164
48522
2956
22801
29967
26973
5330
24099
44316
20778
9432
39655
12495
37263
30854
