4438
40138
10542
9936
12788
1074
21112
32293
6030
28096
23618
6739
12936
23508
6558
13989
3229
49814
41687
22500
34191
4083
18179
4294
31169
2951
2348
21420
3210
2256
15854
49164
17333
27985
2140
14012
13467
10435
8732
25501
33640
4996
38032
45467
8972
7409
6659
22843
42163
40858
2278
43233
23220
5833
37986
12763
19958
40780
11085
28126
7525
37235
31323
6309
43687
26117
39097
43427
13483
7093
31849
1577
3142
13472
41290
28069
9867
2101
24980
19459
44466
25297
40288
15096
5191
4421
22710
15880
36174
34033
23733
6983
11818
29981
40180
7515
43165
8721
17725
16619
22764
29252
3845
3314
29874
39295
1078
21206
3616
46890
35836
46066
20599
7916
28154
8733
30979
44606
49661
38480
25715
5340
40959
28660
11651
1512
23712
9847
47983
31185
8936
21758
6914
43144
3897
16693
24649
22241
19912
6626
47327
49586
18059
11186
16862
6612
35440
29259
4238
6337
21345
35391
12637
34013
9760
15833
20010
25978
31668
7879
7398
13128
31065
5023
27596
5297
31750
29770
33475
30250
11637
3861
49334
45071
3915
7088
48550
1523
17444
4792
3154
10670
17553
39213
6246
40239
3462
4320
7381
34347
6787
48693
41994
49481
26781
7615
7594
13659
5883
44347
4800
41085
18060
17661
8457
25202
8609
5445
15447
2526
7537
41081
49094
46566
10899
7660
7880
41801
46561
47386
25357
13275
8190
42823
27519
8783
28961
12094
19782
6485
33798
8553
21024
2118
22475
43862
2711
1216
26174
24394
9640
3199
8017
21765
49373
30674
46120
44076
36273
6580
12187
3466
8879
2381
3701
22376
22744
45821
29649
6053
9610
49242
40801
10744
45300
9285
1140
37599
20040
22995
49111
2043
26190
13275
3342
26586
40333
39982
4365
45551
37813
5413
8661
39114
33720
47690
6843
22825
7363
26618
45806
40861
21443
48596
33598
33956
29068
26262
12225
36792
35391
30394
8210
39287
4132
24733
24787
7384
7493
38775
21875
41532
8668
9578
5193
21963
4835
16201
13453
11438
20504
1868
7197
9850
7792
5786
31648
36837
23800
21495
16529
38932
39135
14766
37774
22014
4189
4247
3469
6341
37098
7384
28275
7013
24256
9803
31883
44012
11973
42996
28865
9265
5952
2597
44728
34783
11503
6855
8326
19515
20786
13248
49239
28332
13214
33261
11585
46864
19732
36133
28982
32875
2867
32005
3352
31465
43564
19373
25195
7047
21227
9065
28893
6739
46247
36998
35246
5357
14575
18956
28761
1060
1751
18275
40169
18579
16563
39272
15841
49293
30224
21908
7970
10599
2651
9625
35352
11999
21020
2215
44659
36450
30931
11034
40090
28648
36695
1276
10089
35646
11401
2971
25766
47376
36587
14658
18261
3477
6536
28114
39735
39922
22520
14301
11515
36810
23616
32709
9891
3137
18176
22647
6271
16012
48001
4388
31105
1617
29668
3301
39001
42539
22601
14046
29846
32387
12298
13921
36253
1679
11062
7322
24363
21971
9029
23001
8573
45654
14686
46429
27137
10586
28160
26991
25693
14569
27978
37691
21538
15521
5404
32126
29844
31361
47764
48527
3750
29739
15217
27421
7380
30624
29469
39882
31809
26586
6121
7327
43070
6025
10911
1752
43964
40683
3729
5084
17747
4084
24876
10046
25754
3585
1869
13194
26016
14832
42245
14501
34689
5273
29591
2644
26947
19165
29221
10722
6999
33023
30995
42993
6773
14375
8059
36874
3009
48548
8586
9070
36207
18152
16148
22495
3769
11355
38855
16285
1838
27295
40376
22257
6228
36889
5224
24950
4254
20568
10061
41385
22248
1224
34712
5303
43978
40676
15837
11407
44107
28999
7918
38889
8972
14935
2741
39937
7802
36916
31492
33382
4389
25494
19050
21729
9042
49585
18659
8040
8758
4397
47116
2350
30581
44060
46670
38640
24023
6355
24580
41729
9464
6512
32340
19950
18758
36100
4060
39057
21486
24638
35506
42394
28052
43876
41009
25610
21769
7147
4585
18126
36074
43458
45517
6555
16250
24262
44106
29653
32963
46384
13028
35019
34616
33797
15425
31744
8208
27744
2647
21436
9823
26593
9359
38398
35708
24535
33677
26845
41357
5131
4944
27419
7616
9245
11261
33515
46825
47036
39216
33031
7356
40542
19653
44973
49283
13503
27046
11943
13245
25074
23915
29254
38144
31991
48876
27399
38044
19573
38503
12322
25568
32488
26469
6872
1236
20345
42698
20152
24263
5922
20338
13784
25163
6297
38181
36643
28240
7336
26858
41906
31629
7239
2840
41280
45340
4384
17695
20369
6617
4402
7260
16452
20473
39607
46289
8529
21270
45970
46984
43319
49040
25805
26052
4100
12997
48949
4734
12214
49525
49022
30983
30750
14143
5986
35568
15423
28278
23014
23834
6187
4302
17273
5712
4110
4379
7552
7411
4379
4417
22352
23642
46611
3835
3641
37131
15961
36138
44840
13596
2709
13072
18173
40002
38834
25059
6581
27219
8338
14438
2390
4716
18023
30363
36540
45857
31983
2238
24357
15755
10293
29785
2794
19179
7970
14654
9699
11646
35767
30556
14388
49239
20591
26979
34391
37657
30623
5822
17266
17927
47867
40811
12614
5854
13570
27844
13703
34946
3953
36124
5043
17026
36002
14301
2903
2588
43919
5971
32565
29546
33792
41447
30299
12018
5435
38174
30403
16508
15804
17098
30209
8211
15295
12545
32720
23984
17829
26404
28983
9056
3421
38595
26916
5545
7666
7175
39599
4802
3872
21430
33528
6918
1033
1731
24504
26875
31361
7965
45155
38363
42418
7547
21802
7955
6047
5174
40527
7826
34569
23217
4068
34685
47595
19072
3873
7925
12751
35322
34940
20794
1782
32165
28710
39883
8929
21062
38643
25175
21044
6688
18092
10524
43532
45227
32546
19521
44307
22613
7433
32597
37943
34738
5476
1021
48669
1642
30902
31810
25277
43103
12033
3552
2881
35814
16153
37088
5451
18055
33727
44382
15673
6692
34594
3797
31326
4496
43946
29774
44316
8326
3181
5833
35233
18151
16257
45348
22396
37546
29683
49649
9370
5274
32876
24000
5881
45943
3461
7212
4735
28018
27905
26236
42403
2661
35657
10510
31594
28692
17879
16648
12632
32894
26631
17934
45127
9769
16861
22222
42181
20256
25819
35499
48116
40907
1525
2164
6471
41232
28485
24849
16560
2272
15888
10289
7066
37185
17677
38097
27648
7997
4088
24631
28087
1592
9255
6752
39170
10587
8092
7155
5932
19156
24956
14660
45700
27138
7929
21020
2853
46796
22587
20408
26502
4352
3506
29808
1817
1667
24222
9681
17604
15550
37016
44032
2383
41726
40359
23299
25205
6166
13904
23498
28789
5003
8674
13261
39639
49808
7803
19720
5426
9055
32725
12084
18629
15135
9880
21209
13192
40926
7877
31351
40029
16348
21085
44697
10526
48872
2609
27957
44601
27107
43743
26180
10617
2896
3469
6783
17533
6387
10782
27019
4572
4088
9786
5271
46620
41314
9653
20545
6947
4358
35132
37086
4849
47416
9009
20526
3105
43911
3099
37828
27137
14822
28001
16054
9630
23736
16085
9459
33686
43687
41178
5154
2657
41157
20384
14557
8690
27328
20722
21471
45267
32235
42286
38140
20169
30365
30234
7557
32382
41209
47119
16381
25849
44077
20802
6028
34765
5261
9360
17876
3504
36345
15915
21863
9654
12362
27311
15839
33577
1119
44283
10894
21241
25749
5906
32042
44531
9945
39130
27618
13255
27590
26346
10533
11310
6925
9280
45232
18762
36889
2555
1221
21617
15768
8230
38617
14857
16188
23365
23185
18607
31748
44084
1250
17304
32698
29903
29581
9877
42786
4445
31144
32517
20379
25567
5562
17891
1322
1677
22130
5964
8011
26047
25752
31907
19235
18279
17317
5085
46655
16632
30913
45397
1215
13732
49566
2819
6677
16218
35048
49730
21784
37585
23657
21738
17857
19719
2507
32049
17196
22718
27037
19874
32763
40181
41274
45204
10921
18979
28480
3076
18953
8091
17888
7750
9477
44447
34538
48890
16958
27099
20392
11212
38555
41385
30578
6498
13728
43113
41136
17000
6871
18341
24398
3903
21781
3312
21305
4610
14514
36298
27685
30595
36668
38887
7543
45697
41161
23836
48321
3936
2834
2981
33134
18859
29469
40425
22209
10706
6407
10011
46874
15456
33867
5544
19744
30069
6841
2853
42403
2110
32401
20495
45373
33825
37554
31136
3738
19377
23869
44097
14429
15467
18457
8814
8270
11854
9564
15775
37226
26015
21702
47575
27260
7241
6361
19023
25956
2525
9304
14190
40090
4052
32991
33184
25281
35924
36857
9375
25808
5462
2833
44553
45869
40230
47023
21174
25248
15510
9450
12146
14324
46232
6663
12675
20363
2046
46484
45499
47877
2394
11086
49622
23761
47619
26034
40361
21543
7193
8048
43300
6337
23255
25779
24065
37572
15272
15920
22171
16320
36588
8663
45655
1905
28603
11001
9283
6906
27140
28873
28968
7097
17607
28673
15569
42584
47100
38897
41096
10652
5490
16632
40952
20298
6133
1242
5336
7262
31982
7053
19943
26866
17134
29329
47049
23432
6195
14652
29919
15316
10909
27913
12969
31901
26900
23044
19636
14312
26222
13330
7727
11519
45692
5543
40965
34740
23826
28288
40655
5970
8065
38935
25316
11276
7661
3853
45811
13905
34594
29885
6173
34663
2444
29871
47723
9988
43057
28688
40413
44177
19258
24085
32471
31049
17249
18654
34595
11410
21155
3033
7635
18095
35858
10794
36879
2690
39512
34191
21186
1857
32934
24100
12648
15104
47729
3600
31712
14632
7971
10369
39375
32162
1984
26694
2496
44863
43524
7014
26643
9149
42021
7864
44824
42726
10874
14144
40922
9973
48553
5241
13677
13903
9778
40978
25916
4552
42021
1714
43235
21249
1760
6219
7385
46834
49423
15057
2303
12145
15821
23737
7689
44670
13224
47240
8161
15540
14640
2331
24224
31121
1983
41899
7264
37183
34093
29739
6515
15661
33478
9803
14234
1748
3774
39662
11940
44377
32655
19928
24546
8664
6152
21861
47876
30946
16578
5642
40769
42744
4525
17991
10550
11923
19563
4542
37155
6700
8891
23276
49974
17362
34591
31305
42873
13744
11083
29632
48455
16486
17130
28142
21760
11007
17532
43870
7775
35734
11801
10312
7853
12755
2665
23674
4237
46477
33398
36150
32447
31134
48493
18789
11675
39498
15275
31801
23498
6318
21039
32009
24023
46499
29860
26971
17412
27577
8771
48685
9931
6223
29553
13343
9323
17996
46568
44305
4290
3872
10127
21920
17201
16714
33675
18063
15986
16504
15366
19126
24853
44467
39388
9817
41676
15019
47351
46440
43185
18388
20018
12867
42741
35964
5050
9653
47624
40969
42416
3044
47623
1703
29149
8837
48698
44513
19604
30541
49080
39939
18244
29577
24407
9563
18144
43778
27144
22522
7602
21480
45754
18066
33343
1950
35232
29520
13668
23601
2438
2182
10399
20291
31227
24272
18417
5707
8153
5749
1727
38165
46549
23580
6968
2546
19756
35053
11991
3406
32894
38155
13819
44362
25215
9235
37420
2809
5524
3073
30729
35596
17474
48847
19163
21480
8864
2551
42970
2209
24497
19500
36764
1078
5893
18659
19784
14990
20133
24667
35698
25366
13366
9164
5242
25260
2409
19508
18854
29632
39787
20711
19727
49438
39973
15262
20832
18904
25520
32326
45160
21255
21817
43605
34285
36249
49376
15240
24386
8576
19035
18979
4787
1159
32555
18620
35788
14032
28047
32046
18165
9874
35525
14722
6431
33141
39202
1326
13660
8125
8865
25900
17560
7318
1460
7258
14612
9129
18094
7501
29072
8878
25573
3772
22547
25017
17255
31847
33132
10163
45669
48511
9776
12239
36895
42436
16826
7959
1746
38370
1819
29744
19485
46054
5793
30020
28672
8704
4526
8248
12786
43565
40912
30575
1113
4106
36311
41719
39340
43947
4065
7620
47419
46912
21740
8634
6458
14774
37222
14478
49325
25575
8354
3905
6714
4993
49361
3016
1583
24397
26487
4437
31402
2316
6959
4134
35960
2001
24220
11515
12650
25235
12438
13119
45663
7129
2814
11897
18933
13896
9301
9389
4444
24080
46605
5208
25358
32952
45855
5742
3921
39701
4041
9982
3119
6659
5050
8077
14401
4532
26014
43544
8872
16337
24913
26428
20079
21684
16139
37450
36898
7674
28220
3131
12355
9506
2434
49312
17920
28736
13586
22847
18798
14777
7595
41285
8858
9940
18578
27854
27680
14000
45162
17509
27258
1148
30289
22890
28095
15592
35324
3110
2739
3492
14803
7064
3659
30861
9974
38376
17280
8847
21309
26528
3354
18536
9229
38088
33510
3507
34638
12918
37277
9644
33175
14797
5402
12095
26790
25567
34580
41755
17797
26596
49983
17732
20904
6868
4131
48592
21672
2899
33707
45839
17782
25853
41674
21485
2130
3370
42882
7142
23818
9308
13200
19894
25331
32879
41101
25053
4516
5304
12410
37944
13335
35241
16645
8430
42185
10957
5591
3270
22723
25714
13765
6163
35584
2908
7516
21198
45819
41336
2830
8627
1037
10455
48277
11269
9098
5126
23802
18776
48978
7649
21086
46570
11236
38605
39541
33854
30461
12227
23925
25331
23076
7559
43195
13050
15433
1591
17914
9900
21657
6451
28069
21436
1914
3992
9071
40959
48210
6298
6596
37961
36679
6013
8146
29597
28030
10355
13095
6672
17618
4882
29966
47694
9173
17217
8099
10145
33156
30881
12992
33422
18561
22197
23257
14232
23919
41726
40904
6837
9209
4356
18528
22677
5075
45089
44133
46942
7116
29110
45262
7787
6676
36196
40342
15337
43009
28102
46406
15606
25980
42705
21678
22779
5764
19713
44712
12693
27042
6467
16443
21255
29732
31377
14606
31473
24185
8333
9581
5813
2729
49038
2354
29493
47892
25199
7739
4434
19454
17323
47127
43555
17189
40704
27998
5858
23698
9884
47880
34059
23540
31694
25558
43306
38986
8038
41075
29230
31643
28141
8520
9038
3276
46087
25936
48412
15633
38934
14797
17839
8459
2140
14015
4564
42089
4307
23984
30477
3635
26380
31469
27884
29823
8466
46061
6110
5962
47149
42213
44668
3274
6245
7012
28807
8951
4441
16474
4574
9348
9863
21770
21108
7654
29933
5910
28873
2070
25017
47819
1904
21994
8178
13222
6070
17326
2910
17609
31634
11782
2285
3651
15703
27973
28713
37154
23145
11846
35859
45608
39273
1148
2562
6421
38925
8977
20485
19428
27006
13111
37144
42099
45586
26465
33138
47473
28426
1660
33267
3339
20355
7986
45372
18782
32847
11775
39682
36405
7307
27311
34265
10298
13826
47414
3732
8786
45894
5902
7007
6421
7924
21530
36378
8781
7515
1534
31919
21141
37041
25121
10033
34964
21889
3729
22700
8478
46833
28664
43402
20325
23788
10903
13887
41891
35569
2450
28526
7257
26545
24214
2788
28987
25233
36155
9640
18564
29712
11678
2811
3088
23612
10349
2203
43974
49852
3843
1707
25710
9908
4035
5425
23580
17712
7745
15172
26832
26281
15595
10594
12011
49277
21570
6796
9631
31371
42920
9231
13121
11735
11338
8435
10275
8337
7672
16486
8180
1476
49705
17953
16400
5591
1050
17856
16559
22309
14876
42352
20306
2588
18044
15496
35005
42541
48942
44779
34739
22021
12072
29775
6103
27289
28747
22688
41663
36493
12762
22587
37727
46656
49035
4626
5366
33797
3806
9914
14545
1657
22321
3469
25859
22498
20194
4178
3422
49550
10782
20240
11028
36568
34481
4569
29343
17748
11940
7781
41767
38698
23451
27769
2596
18537
25383
41599
22195
19235
13535
30931
24676
25610
6747
17935
7889
6295
8293
14184
40873
1982
28164
11984
24997
7602
12980
40858
2857
8678
27871
26395
21789
24089
19755
46545
46662
32934
7631
1078
43968
8204
1791
40276
6077
41227
7423
16758
40511
44167
26800
3193
5772
6621
12416
4064
6716
44894
22189
5122
11251
4303
26686
31982
32667
35519
26893
47710
12546
48329
26852
33344
28815
43298
17895
12680
43213
29631
40250
18876
10775
14367
15913
33444
27068
13250
21266
32110
3458
1089
8538
19306
4519
1900
30590
39262
22648
40685
4285
49888
1213
7819
27519
2387
2598
9350
36322
22876
8935
27681
16933
16935
5824
48285
17474
4727
9345
47034
27698
22596
40709
18857
10371
11135
23604
41985
32132
4899
2464
27765
6603
12625
9307
31332
21349
1432
1963
3251
21931
21785
1387
14357
18479
12536
41598
23433
12627
2863
3129
1720
43391
7251
49085
35779
15618
21693
1877
34487
27629
8649
47465
4034
33279
4977
44147
46280
11996
11040
1894
39646
1255
40666
47463
35952
40548
12837
23773
46858
12635
40245
26027
28832
4961
6553
25328
24934
44508
14913
8350
11723
20397
5261
16960
26731
19580
23470
4079
20284
9042
20020
14407
20188
1820
4205
30886
33130
40091
8888
8078
2530
10940
1328
23176
20352
17920
12973
3467
35891
29018
42179
3130
47309
24442
19785
27321
29477
47630
9055
21395
28415
36450
17362
9096
27767
23845
24564
1003
10845
26598
10200
18223
20392
47725
34808
24820
31779
35988
48258
38297
16689
36964
5946
30477
7206
49075
21946
1118
26872
34861
42314
6237
34474
8928
2035
27215
24010
13138
5496
4871
49579
15647
13814
15565
45818
37827
20817
25925
26530
1660
12038
45117
12271
25380
7197
1425
3100
32537
9778
20906
26869
24663
30815
12433
1606
26936
8299
7471
28510
28392
22188
4411
13908
40644
36230
11979
44525
13810
48656
37648
14299
34909
6596
17129
28276
26385
29265
16461
5424
7351
45651
24461
34313
32353
2931
45161
6854
6124
24025
7069
9172
27014
14136
30000
15648
31300
26421
22466
2225
13910
28815
4145
13082
34550
31841
8980
14779
41569
13828
4125
4294
45529
18077
6907
23007
5851
23652
6359
33122
7427
4839
30506
7335
8581
47727
28739
22664
21277
2608
3093
19848
33258
43241
31992
11292
49053
32819
23823
40922
19390
3688
47507
29476
3937
16698
24604
25375
7000
44791
35178
44768
19349
6361
22092
35968
16994
30458
5612
44178
8231
11593
36390
24058
7555
24837
7778
22832
6862
46925
22663
2373
38365
1684
6077
25521
16925
12160
9927
36148
26085
42322
46707
12020
37428
13963
16890
23533
3521
38902
25031
8377
31561
25782
9437
7987
6288
46333
19358
39126
7195
34904
3376
8752
1024
20889
29029
39792
18737
24473
45325
6212
21804
45984
42341
14664
12002
13528
18644
2024
3128
38497
24737
3963
28357
13404
13417
11031
4128
33673
42687
7427
40771
27278
9235
6902
30116
11392
44088
13599
46954
15879
14950
26920
1906
45824
1146
21756
16288
43774
8151
7016
31830
28673
49379
27812
44587
7338
9051
29583
38796
9354
7424
18965
1887
49999
45457
15570
6739
7495
33134
41754
4659
21085
48910
1235
9907
18769
44781
27157
42446
18927
44665
43357
13088
8830
8844
19721
5862
16041
23156
15362
5252
4525
9571
25306
36074
26367
13339
2429
18411
3733
18720
18756
25474
24990
7128
43191
44979
10130
7977
3128
31087
36029
49033
15396
42677
11472
2095
47160
20632
36854
41619
11993
2119
47604
30539
27598
7234
3684
39028
21307
13956
33845
7233
20914
39904
10399
14215
1150
12193
2223
12452
1101
44691
4768
35467
10290
34341
10306
34808
13998
4775
45575
9577
49254
2971
32133
20129
5147
6518
8647
9651
