24508
9089
21739
9399
39052
21844
31338
16380
41370
39681
13905
8951
38219
6539
44038
32871
21408
9940
21635
12682
49065
10207
2603
38028
11956
3042
26407
16430
20178
4534
3102
1828
11097
47725
9112
28902
12851
17603
27725
34193
16195
1016
2241
28812
2134
16095
9174
11676
47817
17180
7969
42022
1601
9318
17425
44503
7094
2871
35903
7043
48117
8495
19537
20012
35398
13893
7318
1316
18709
26537
23758
23198
11890
14327
4440
45403
12503
19836
6498
5940
12990
49661
38169
33681
16534
10931
9550
1178
3899
10564
4358
28202
39004
1300
25019
39023
2184
22599
23680
33345
8273
28177
3014
38592
42032
4565
40337
39282
7201
36667
14224
15906
17131
38957
21368
25650
1685
20914
39021
6471
41611
2063
8428
24390
24050
47115
43393
25753
45090
41103
5909
24422
9283
2581
18558
6552
12235
20339
14961
10537
4964
47022
29504
30271
43017
2454
37345
11764
7075
23652
23799
3922
22302
3831
4043
29967
33164
16351
6031
2066
20300
2069
2340
6364
7831
47840
22559
25076
3416
44960
19159
19033
36511
21597
38397
8635
31420
20006
30189
9338
24759
13126
28912
42129
37810
32708
43270
29534
21679
10630
21084
40668
12661
11703
29017
38405
7687
48454
28900
8643
7781
28882
5377
45905
19505
17373
30246
5989
22231
6182
28125
14255
10483
8226
9397
5532
30895
15875
7852
4457
4577
8838
16225
31351
32993
37852
2080
36031
1139
18077
1052
3919
41510
16551
47905
1999
19507
28814
28393
40368
4656
33783
38352
36258
36984
3490
41319
13660
5801
18015
18853
25008
5268
16892
24587
12890
25596
40239
41764
22646
17040
6764
17804
41295
3011
12287
34811
31093
45489
10914
25725
45062
5916
22818
33283
25359
30171
45821
9464
24911
6279
17115
22051
20596
6880
21733
20994
47882
41775
38089
32956
8807
24750
1745
25170
33744
46165
13529
41320
35333
15859
11559
34385
25120
18976
6693
17849
48371
27161
21339
3718
17531
34744
1270
49182
39327
41489
17503
49794
39138
19343
13751
42998
5907
3169
29547
7658
33498
9780
23352
40443
31230
36111
44834
46155
4565
35696
45311
3956
21313
3841
9625
16628
37135
6034
20477
37967
1796
28389
18652
2815
13833
39310
41830
19431
27891
20833
12847
8380
35024
29323
25428
3641
18579
8196
16962
7942
27214
30458
3958
44056
43126
47599
29192
32993
48870
29026
1508
1003
47407
7085
37170
7760
8195
39517
20004
39597
39429
7490
24272
9285
47516
32192
4721
15876
37187
20886
28507
29155
18971
4409
21378
13758
10711
43459
23271
18951
26832
37263
2439
13470
6700
9408
23882
41695
26105
28190
26468
45970
26789
3879
5684
7977
32288
14807
7218
24843
44300
28332
20266
6554
21525
27356
18654
28313
8329
42268
23245
3296
45275
46795
41659
2026
9264
6535
17639
48150
1617
9679
24608
8819
36328
1648
8490
24200
7140
3721
17621
2141
40351
39570
23166
38466
17628
1040
3771
22202
30145
19537
23461
15058
32004
27038
23578
3178
22886
12728
27356
7171
19060
33607
7859
33907
37804
11268
42381
47518
5181
10800
1143
42694
30639
45551
8867
7087
4425
6615
16883
32640
48088
