40898
8877
44737
27685
8190
32146
20294
49434
6719
19744
46794
38414
3718
47441
6265
1666
2509
8730
9652
1042
6607
31582
23711
49144
34287
49157
7954
46121
18605
7635
20351
29245
17996
28208
7059
44147
24699
44931
49429
9535
3091
12498
5966
31667
44091
12870
37917
7874
13824
47824
6732
32515
44549
3398
16515
33611
21443
31713
21949
19756
19209
16998
17067
24490
17643
14907
45794
20840
4093
12678
6200
37267
4425
49064
38783
34696
16110
45410
13053
11400
39792
49786
15015
8948
23533
34828
22172
40350
2520
8584
5419
19255
1691
46130
2141
32902
5781
13147
2158
45643
42681
3456
47097
28958
28403
49605
49112
18573
18330
25405
5443
32813
6270
8963
21465
16922
34965
15682
19968
14508
1058
20480
33647
30666
6302
6240
29678
7394
4061
1781
24735
19689
30689
22146
34132
24626
17665
15232
16125
1301
38671
1162
2611
14121
4711
17112
38908
3593
39153
16710
38702
31874
39954
12779
37448
39076
22401
41691
33156
9829
4631
49753
10373
3603
24202
17933
11428
6719
40165
38143
2926
37911
4129
36979
13132
8843
26384
4958
12534
10046
28916
36159
24145
6892
4551
21138
19669
43660
33586
6919
30253
35131
8584
44819
38545
39149
3095
25986
35457
24799
40924
12086
14455
14680
12536
9565
30820
12790
16918
17857
9639
18208
19629
10916
29426
38027
6828
13724
13160
11829
40336
5584
42866
25413
17729
45772
7846
15364
8800
7359
38582
33962
8236
19543
1317
43098
42316
5212
20180
41834
45860
9925
36034
24541
33605
24586
18790
26265
1043
6892
13081
7097
41196
29495
8755
7122
21422
6529
29337
16465
9164
7223
43361
23215
9218
1836
7553
38136
23215
1973
39910
21581
23861
28842
10198
14543
1095
7504
21100
22142
46435
36326
13721
4971
18532
15608
22278
36472
45334
31869
21444
3715
2114
32624
7383
28001
5045
22906
39172
45117
20864
4494
22193
13176
14798
8363
6670
42531
16396
43199
47203
37209
33592
5018
37516
41450
7668
20064
3404
3951
12357
2367
42269
49465
15037
49136
38818
42083
43002
12547
18362
11559
9909
21485
9067
22651
6454
9071
19231
36203
7044
15323
38442
36843
16887
8680
45376
46760
10721
12538
22538
29721
9059
28927
12736
35316
6402
23590
37119
5271
3225
38197
23527
18592
3016
22086
11596
5300
8399
20779
31496
37132
6430
4145
26122
1898
47174
7016
4498
16160
26496
28560
26513
28944
10793
34156
21279
14817
28090
23411
5384
26799
11239
42450
7480
14270
30163
16601
48728
11773
36726
26467
28773
27637
24491
27462
27362
3097
38634
35674
3412
6015
23726
6286
4777
44904
3992
47717
6773
17709
40302
2450
21989
26913
15771
2462
6717
6236
2835
23014
11081
20326
38877
28866
45881
14398
4463
7451
9669
27063
45619
6672
6722
33134
37217
48341
8805
2947
37389
23153
4648
23505
7627
3458
17127
22982
35426
49052
25092
40970
9135
49403
32205
2416
49399
26546
18352
7049
23500
27313
49106
7233
17847
4433
8740
48557
11847
5745
4973
25556
13185
8756
27311
17603
20481
12778
7269
38345
42029
21787
19936
13284
9841
7616
13689
45175
8300
3854
9352
26277
27559
3101
28545
35380
9277
6629
25568
23119
28186
5342
49278
49936
30301
32676
5560
15475
7271
4360
40142
34144
45006
26017
6779
29992
38010
21792
26241
49402
26259
15247
33980
14563
4448
20017
6234
17751
18206
31916
46127
3527
46674
44240
19144
25157
24084
13122
23563
39351
6538
14480
48411
13879
9507
16845
4060
32219
7230
15698
39736
41918
37053
32233
28537
10868
1388
36550
10672
36988
6415
43717
2269
21305
7786
13675
5170
23282
20198
12722
45812
12171
17344
8307
38658
25900
4791
47853
33519
14072
3847
22615
43984
14191
43533
4403
22401
25304
47577
6294
22406
4818
