34470
5096
44927
27262
4784
1891
13938
34665
5648
28193
21558
24160
38920
5433
5108
11683
49528
8304
22967
15388
18871
5239
45202
2665
1679
42264
42360
6271
41429
9481
18407
20766
22768
2149
47513
25972
42825
32814
2513
25747
48791
44537
43373
2233
22167
9580
36280
32559
2221
21959
9852
27748
6237
3984
2578
11757
29927
2497
18973
8481
16528
17924
5420
9336
4854
4481
22317
27094
8436
41371
37724
35332
30965
16817
9879
4511
38835
28954
25823
8977
21728
47644
37478
16082
10269
25325
21516
9142
32418
18703
3477
30446
10438
1931
2281
23699
20970
47157
16632
24233
25003
15648
27023
6857
34106
16174
46699
11571
18918
13329
42598
46768
12427
18707
10402
7456
1031
13925
11786
12871
48485
1336
47241
49022
42174
47301
9982
41250
2022
32607
19665
12254
33556
9911
3061
46133
5800
18574
3562
43012
2563
3664
19922
15947
23157
19825
18163
20949
3965
7300
38172
22824
3406
14540
4286
43657
9272
23614
2145
37270
22641
40203
14092
26061
3289
2673
28014
9915
31226
7631
24684
9143
10132
46153
31512
22831
9923
7653
4519
7218
8551
14481
9235
23290
4488
36847
28825
24265
40522
6438
47495
39361
39987
5115
35246
31708
35555
41676
10655
7743
38106
8149
36559
26905
36782
1533
21666
18569
39012
27122
10102
3576
20424
2340
47673
18799
16822
41367
2093
27932
3409
38720
30278
4209
31333
5321
26852
21109
14603
5952
26530
21015
42737
45512
47499
28129
38112
6843
4971
49116
28845
47402
6539
29759
3057
18076
27814
29230
2283
8526
25921
49434
6420
12126
26124
14946
23146
46916
30314
26618
4292
45637
29066
8355
46042
15933
1036
31579
14866
2727
4821
9281
22859
26574
3465
48064
4960
25323
33459
13814
49002
38255
7413
20927
22294
44802
39902
13039
23799
21344
34642
23364
4105
21754
1094
7256
23251
29035
48024
8391
19347
14327
21818
12480
24461
23454
41777
9787
8202
48800
27705
1028
42512
49230
24692
17585
33840
8007
1481
8240
4155
13790
35819
8655
17588
26348
33982
2931
11645
32906
45919
2042
16605
20226
28504
34695
18827
10154
24708
14411
7704
7467
26430
9353
8941
47327
28278
49939
7008
15607
1489
39656
4213
24625
46426
6901
5863
43181
11765
23931
28197
17319
17484
44991
5674
39607
11281
26342
45568
46466
20334
8009
4149
48272
4115
46279
4389
4498
33637
12032
39431
36813
25456
29141
18199
48164
6807
4984
3572
4250
2592
1981
33671
33924
5634
33990
20073
45168
1583
6145
32777
21386
17310
13457
42273
2182
14190
7155
4992
17470
25329
5418
21814
3556
32501
39553
33333
3697
31031
45753
5114
35062
26340
25106
18139
1116
3852
3488
40191
2218
3961
2747
14021
12910
34540
4347
20247
32201
43922
43087
22828
9258
26904
44146
10268
20593
46878
42984
32733
47976
31663
12065
41666
8072
41166
20998
26527
32950
25073
41845
9402
22135
22220
35633
25274
35685
10776
5968
43852
48037
14698
37696
1657
6694
33128
1166
19162
24548
35048
14140
9882
5478
49759
6768
22084
5717
12017
40620
11991
6453
20897
36457
35880
15679
25355
6078
47886
2302
10685
15491
35324
11210
26264
3977
32088
25036
14100
7742
25555
4070
3920
38667
2923
45809
40451
36370
15392
22844
46989
32119
3098
5675
1360
2514
4718
25133
6909
5129
29343
27305
30560
13472
5380
47218
30059
20055
31666
9017
8152
25665
7208
10334
23919
3024
33354
22813
31067
8286
38897
36023
26135
47811
34850
16736
20994
13533
3424
10049
31658
7544
48859
49995
5126
4512
12096
18292
7983
12988
21247
2062
41637
4334
11012
22151
36475
15041
26817
24169
40342
13152
11809
37286
30333
40483
31443
1553
8969
21677
47993
5860
1258
11767
21243
29991
33477
20344
34693
39140
36359
28697
25601
36235
8602
6590
43735
7312
20906
37727
14302
12492
28094
18160
38156
40011
44446
32512
34037
9314
15631
2097
38115
6734
16448
44684
10829
26303
21336
43138
36443
35350
28544
24560
20596
11213
8647
8054
33231
13385
47726
24813
20424
19488
27419
11631
39699
20853
26693
7678
8774
31339
5343
8404
24274
5657
23907
27915
11546
39348
49329
15902
13152
38457
29522
46678
4667
6491
5858
22995
17959
44486
5845
4737
45777
7598
42739
30030
8139
20181
9023
40621
8649
4608
7946
7864
6489
14822
38434
3852
20018
46210
34553
46058
25246
28293
8220
8618
12711
17420
37170
26625
16337
22745
17763
39178
1532
15184
12736
20779
16506
37811
27071
2240
28884
23012
16047
5299
3312
45496
22370
13086
18120
1744
2170
46559
49440
19419
43852
2600
21040
18877
8928
11249
9829
43974
2799
15616
7166
14763
17352
13057
21177
17812
31089
33618
23075
9873
1291
18677
11792
27598
29393
27949
8403
6031
10538
3631
6339
9562
20226
1264
16919
21681
15608
2514
7161
45609
10081
27820
41962
32335
3428
15600
47818
19357
3272
36071
8156
43552
19579
24785
33025
6435
13987
25130
48620
14992
41845
17385
26573
11870
5122
5388
32992
4754
41283
17370
27957
44028
3530
20936
46273
4666
10166
6179
7676
29221
33718
11113
39930
6988
14188
26332
4468
16967
35758
46931
44849
1071
2654
19768
22612
13997
35206
1189
10201
14604
39385
24060
46058
46035
9010
6978
14530
48049
16421
7065
4743
43904
4839
7898
8384
32635
41395
24792
14580
2705
4377
18362
42240
16298
2391
9134
19378
14324
48862
18808
33789
40710
18218
3427
5217
44387
25248
7122
11034
47764
46380
35654
27520
38025
48116
25800
16865
22857
13936
15340
42673
19246
6731
4538
10720
1224
11555
16100
21540
42658
23372
21147
49330
38431
11800
25280
18683
23898
25779
20445
28441
3773
21905
8844
42518
49974
4398
10292
43659
35356
21390
44089
15796
15462
41198
43416
38766
24555
46936
19784
47091
12686
1594
36680
41797
19311
2374
26557
24461
14987
1176
9552
39197
22812
32230
45913
47999
18109
21581
42534
5236
43309
32006
24030
5660
27866
13218
8088
39071
4089
39772
1428
34387
42943
2309
7324
19240
29960
1975
25079
36858
7817
46982
36460
23831
2933
28579
26908
20450
8111
2920
23384
17263
18907
4016
7650
26399
21807
27871
35675
9846
39192
45481
9866
45063
7661
15232
13993
43919
5105
38793
5951
25286
40880
35283
9675
37767
31033
23126
7391
27795
15185
3298
42753
