36682
25206
15833
11405
5609
11181
3650
19607
5233
5093
12715
9050
24011
38475
46230
17854
1522
20197
41520
34712
3321
3667
9963
13628
26962
23755
9693
41355
39688
46753
8263
5817
9565
12511
5959
33353
38052
10128
20378
18207
18061
11712
6126
44702
23806
38491
26771
12539
29623
33048
47863
9680
28661
19659
25229
2292
34767
49811
32399
42932
17136
26319
35246
19227
1825
15736
10802
7360
21976
27437
2695
26905
44217
30328
29035
1063
45372
14666
11403
29385
42407
49811
5298
13712
37685
31489
6553
26902
29421
35018
24242
28287
25397
46027
33686
38941
43164
15421
6753
9849
30969
18698
2981
41883
33742
16292
26666
4094
24116
44753
2643
44104
2077
4653
5917
10013
48109
49360
16262
32549
9824
42701
13090
39264
23772
20655
45368
8729
28680
27668
49877
3262
6270
20706
35183
13436
6070
9406
29208
2481
18996
22999
14544
32383
35882
9865
6246
8442
29699
32207
47432
18609
3172
8004
36670
3369
36876
2610
6539
26011
36372
23231
44351
14221
40269
28722
29606
1497
29514
6473
49941
42937
1069
39844
3093
18733
1522
10613
17994
42308
4132
9594
29281
16194
39684
45236
24632
28699
4704
10057
46106
18654
9383
14234
1055
11783
30439
40867
11796
44532
36823
7028
32510
33473
32781
4419
46270
12751
2043
45899
47353
12373
36526
26142
38488
43622
44381
34414
2891
1204
36524
38884
10729
35378
2389
17558
15396
34368
14555
1990
14973
1716
21843
3849
49763
39964
9539
8211
45181
10771
25133
27245
31354
16139
4176
9017
26956
25254
22482
2858
18213
32410
47991
3042
37662
34110
18223
8973
42087
6468
4503
30254
29685
12896
22464
32538
32868
23559
42375
24999
42797
13414
18592
35506
26372
6254
10027
3372
24357
11443
30722
49591
11414
42374
2519
34599
2947
49799
24064
15217
5812
43028
10109
11891
8106
47135
38402
34081
39286
45537
20161
41722
9159
43979
45939
7624
21213
13461
32317
15623
3506
1046
31946
8393
36684
20818
23351
27831
21392
33115
3093
23237
1013
35981
43206
12656
4248
22391
33744
8737
48663
2321
7719
3059
3686
6749
17079
37624
1076
43878
16020
29281
48879
31339
15789
19178
8998
32214
9895
42762
17362
37152
1357
28862
13578
18510
22530
35043
29878
8843
7453
21428
8295
3579
41588
31245
36675
18507
34652
19090
36449
4886
8953
29359
15509
2414
17400
39549
4646
27776
17186
46666
46565
6964
23055
26589
5642
32974
11487
8590
15000
8920
13288
6170
43055
36465
32458
11352
8474
8221
8342
5175
12903
33586
39418
49724
9552
12453
39635
1131
28760
48262
22546
24226
27559
5908
22515
8356
17396
29436
6448
29289
13930
46872
48759
34225
5087
8662
18852
11609
40882
3518
6532
43281
3089
3398
4386
9188
13441
22988
22929
32238
11011
29514
10521
2412
32562
18026
48597
2400
38585
26384
13914
9379
20383
15256
12828
11060
8750
15922
20019
1497
21710
26680
20907
19065
35066
12162
4341
8360
19900
11162
4947
2055
4822
36442
13067
14256
16879
12401
24222
14596
2859
31633
34546
4012
4649
40357
7848
26655
18340
34210
2304
1673
27149
14431
45214
8077
44223
1673
2001
4780
20432
14535
3797
3978
4975
21405
2508
3189
34785
9347
37659
22241
29167
29022
27359
40161
38109
4948
35777
9028
11413
41300
20787
4392
15744
28453
5984
29552
32034
21275
3226
33717
9851
30043
10702
1566
6417
43338
8586
20220
2419
10631
40482
1756
39867
1214
16237
6460
3563
25129
12558
18840
26338
26104
30338
7824
3645
49705
47687
29721
13961
2520
12533
25987
1952
11877
3644
9456
31864
11967
23080
36298
41446
4619
28395
4908
21547
46411
41889
39792
15790
22829
1133
7531
28912
49764
16713
5152
34461
9326
9938
4194
36422
42914
44725
18010
20808
38948
5420
3741
8141
21987
12143
24099
20253
17685
3603
34719
24400
16906
1098
32942
15821
11946
38592
39260
48909
44589
4597
8829
4385
33661
48694
37231
26856
19199
41499
1654
4834
12837
5360
9074
4121
4766
13152
34000
25865
28933
5922
41831
16633
31062
42406
1904
48304
40275
9309
20944
6930
24479
47925
3531
4245
39401
13429
4514
25761
49126
26907
24333
16163
4576
46732
25281
13547
31110
16392
40306
42012
8456
36607
1781
26856
4771
49557
6897
27025
5424
44148
29645
41650
46070
4441
1565
15541
6546
24370
26975
1299
4151
40528
44467
9316
27490
12088
4374
28365
19187
25670
26630
49913
23503
14804
21477
15807
41129
12466
39312
43686
24461
21896
29591
22466
39621
49635
14582
10589
5680
43687
9903
8310
25720
6463
16473
27225
4179
19982
9496
39855
5980
6356
14132
35745
20283
15807
9472
19685
12306
22495
25195
23258
5371
6375
7430
35315
7732
13137
6304
5156
30844
4668
31194
1258
42827
24602
28656
24229
40435
2990
31614
12835
10160
27395
30277
35587
48611
8852
12080
35019
22144
29883
1765
41797
5599
42424
37999
36963
13526
40874
11577
43050
6516
34251
49754
31574
42909
21301
4505
12421
14049
11145
13927
1768
48563
3088
26906
30960
16284
35419
12726
3516
2430
33729
36173
12207
41622
14557
24771
6361
9471
12713
4899
4931
1310
32438
24572
25875
17840
4880
37121
31184
4678
43958
14983
12881
1658
4413
28991
9748
31906
38633
2086
24996
30663
27983
36377
19246
34717
31212
27198
8955
19148
8895
9191
23813
1854
5051
10487
21271
33974
2501
31962
27190
21697
32941
20070
5515
12334
13626
43804
20539
23735
35752
18619
8240
43061
20648
14517
27022
22589
1680
27129
24498
9786
11527
43471
45928
31225
2300
26964
21441
23122
27567
2594
40800
13478
30114
16908
33061
4631
3847
32500
14212
24968
3013
14892
14426
19863
35950
17150
23361
3811
32692
31273
10502
2109
9826
29744
22416
24316
27139
7883
48230
6597
6284
24741
21194
15998
5904
23071
42635
6538
5650
38494
3337
9956
35412
30433
45071
9149
36937
4856
5509
13615
8278
8967
40317
12924
2304
44400
42173
7260
17877
26044
17926
36939
21457
12342
45463
48999
46432
5025
10604
48728
31309
12859
22741
8550
8260
19513
16877
11331
1498
24262
7382
47727
3210
45765
22226
17684
41365
3652
34524
7139
7118
2509
18150
1065
1569
5336
4142
8919
10027
26563
41110
28565
8738
13622
18956
22944
33821
41866
1105
43280
34073
20693
8679
16519
21868
18715
15664
9945
4503
4243
43722
36220
3070
34315
4580
16401
44132
20610
23464
32546
21922
20881
16089
21718
3864
10631
6381
19501
46630
3521
29318
4054
9716
20208
38210
9128
1674
5009
1315
28666
23853
35070
25761
24027
13523
28407
16739
6835
3546
1915
11282
1772
40152
27700
15077
9938
9519
14040
2669
6808
23736
2820
14242
7688
5484
10224
18302
47403
8026
36455
22185
2274
33139
11151
28041
13764
13221
48824
27948
2295
4400
30184
49225
21089
22662
7976
40271
7665
15749
19690
25400
46763
40524
2619
18122
10952
8758
30352
16191
21948
33776
28708
23082
32796
7964
34455
21605
12191
27368
28113
47583
19182
33034
20053
16284
6361
45639
4865
41215
46254
45051
37796
19980
2056
3224
38071
31624
8997
29226
15738
45623
22210
4545
21716
24314
36123
33679
8392
35034
2687
41571
2130
44218
10474
29907
17867
22798
9651
15796
25756
9356
23609
39427
26208
16778
46775
7810
17345
9748
9129
4663
6747
16305
48134
21176
42152
45005
13110
34645
48890
43080
9472
15057
20753
5913
3252
2498
15990
47834
31164
41915
9862
39899
18733
25963
18282
25666
1300
49419
8666
18235
9022
49727
29364
37950
32980
6993
5070
2247
3343
29921
2910
2501
6023
9564
35524
33902
41698
21993
25582
21287
2114
9122
13932
1121
13605
31845
2133
21302
24589
41360
18528
48331
3797
18488
49284
36908
5094
9973
5640
28703
45541
5384
4816
49728
13831
44721
23651
22998
7285
10408
7179
10719
4305
7677
15457
1399
27091
1657
43869
38323
12204
19328
2945
5644
6917
5561
28306
9072
32487
1535
45255
16555
11904
44074
20310
19625
6023
15787
14984
26436
4547
25207
2068
40018
24902
8997
16471
9913
46230
19307
42262
5198
7149
40019
37696
36326
4268
27401
23804
2820
26287
5169
10892
27808
29285
46958
46979
35155
1692
12546
36229
25676
4094
21945
15059
46283
33774
23515
4264
13763
19918
28204
26616
12077
11666
36022
3372
3183
44148
47359
41059
44848
25682
12955
29632
30915
42588
4949
7198
25226
9304
3596
4433
39682
43394
20062
18520
4880
3697
23247
9689
16650
29047
32492
25772
33219
34770
32767
17788
19108
46819
4498
40049
4229
10941
8324
9264
36131
31468
6024
3739
16515
7591
37435
29349
7742
3316
35638
4426
48315
17501
35056
28007
16343
21096
7456
38702
22191
45224
20994
40534
40729
17571
47668
34831
43122
27064
5872
40153
4683
32287
21600
25180
10854
45979
15727
17561
3470
4693
1806
35315
23033
46193
6034
8832
47256
17617
22927
21675
9172
25015
49208
15799
42479
5072
46312
16087
25418
44160
45838
5323
20313
36262
29937
2497
6262
27925
8943
6308
7928
5141
28233
7124
4999
38160
4401
27768
4778
14162
13889
14901
17723
3352
9637
7186
16883
3089
35623
28659
29769
43125
40261
17401
27865
31885
3730
36655
46671
7682
33369
32021
31871
12842
12299
40349
40206
8670
13785
49270
24879
18097
15394
49326
5484
6706
7168
16196
12152
21506
9918
14223
16944
38454
18567
6729
12642
22929
26845
47793
36201
9014
2528
4094
12808
6086
23883
26493
21272
37971
9617
27473
46468
18694
20417
37788
2518
46372
7505
47752
19314
15986
2446
39743
3231
5995
26551
9304
1306
30014
27236
1189
24255
19225
26261
31932
13670
23742
39915
6811
29923
45577
48530
28338
46677
7168
25873
3509
34341
18828
15098
9054
15669
13057
33655
28222
9415
4621
19466
11564
8983
25545
28843
8888
21052
19150
18447
7645
4196
25869
32572
41198
8438
7973
15041
12809
7024
18721
18222
11605
1665
1356
23044
3864
38283
10823
4565
2677
34390
10668
41390
49756
32989
6353
8199
29836
19952
30857
2628
43144
10092
42208
33422
6117
19697
18540
34792
1345
49102
11169
5715
18405
3304
3742
46357
31810
36270
26291
27493
25872
10873
12337
47576
3744
30670
19140
48379
33807
33865
16905
10118
42421
15636
29342
34613
21656
35606
20964
4207
3112
39004
27981
38423
26689
39971
15299
41742
24708
39731
42907
10370
6725
4417
36880
24352
15178
34995
20589
35548
36895
4872
48727
29067
41924
14960
41898
48569
19179
39915
9463
31370
4588
43573
49494
38247
6875
21457
33253
11848
5020
39607
5269
2596
26257
27222
44824
37161
36535
7864
10419
6969
21993
7067
41682
10723
13748
9583
36247
1837
7630
8431
5998
5707
9968
4286
20023
3348
20926
36779
3772
9553
13325
11194
1858
2331
29380
34335
9621
47484
26039
7571
16741
2909
23822
42809
9428
13837
27120
29947
20896
29589
29742
22582
42398
26579
9840
49765
3904
43741
28693
30057
41731
12267
13533
3185
2861
36501
17499
21163
6411
12544
41127
49635
35707
37859
34103
41420
2859
26044
19438
7376
43181
18190
47471
32665
5113
43651
30932
12451
12447
9215
21250
37997
20557
35302
4788
9635
26047
16980
24596
13125
1771
5325
13461
2039
1930
27953
10649
4092
22298
26012
24904
47141
1796
1463
36528
39639
5320
11154
36431
2165
31380
5441
27882
5646
2160
3940
32022
12205
14760
22850
38399
47655
19661
4348
37477
26475
33762
19825
12864
18823
48481
18466
8163
33865
13415
32911
48882
38655
23603
9154
34519
1133
8997
1935
5633
26123
24174
29279
35259
22881
3131
25165
1143
38713
7046
23351
18661
39545
38436
20133
1925
34989
5208
34374
3057
11651
35853
16342
46486
24865
35893
34912
10427
22031
11226
7624
24668
11096
15266
33225
22502
2758
29446
12004
45927
13439
30613
23662
49634
47767
42237
46744
7538
2256
6968
6751
33580
13492
15789
44554
10535
27773
7247
25095
39768
24484
19318
1016
4837
22183
43476
16344
19774
26820
6970
5636
1127
19926
1594
9279
49070
20922
12317
38469
2376
32944
23602
8523
3323
18274
7168
36230
16152
17407
1493
47176
48250
43625
37291
4988
6443
1029
8250
18477
6952
49345
24183
3859
16068
10279
20665
20616
22968
33175
2164
11880
32652
22252
8923
4505
34720
34554
4007
44319
4030
40867
2060
3044
17776
8207
6370
21352
19763
25610
25457
10181
22867
6935
2889
19693
16549
4204
25341
21668
1364
9339
12820
13460
28342
26011
43320
35637
14910
5129
7281
3448
12799
40731
47845
19654
30235
17872
21287
36050
5615
8122
2812
46066
4283
10359
29493
35750
16786
1122
9771
33363
45359
8142
23697
39451
48697
45825
15899
39783
40592
17971
15430
6559
43354
9029
19161
23960
4464
16260
42518
1415
29845
7004
4351
44983
39742
7763
16090
21424
6507
6263
1802
10548
21103
32944
31180
5666
18586
26800
24390
23754
34615
39530
49694
46958
31896
30767
14167
39615
23512
46403
11230
5258
26500
25556
19617
10718
11058
36672
40417
28412
25791
28003
29260
1731
11486
19183
17461
21704
4906
39834
9877
31426
48107
23824
7279
23950
7589
36831
5555
27026
24793
38567
33947
14815
37400
4000
43102
25387
19052
7169
47410
43584
38584
3005
35937
20782
45755
1142
24166
7860
6279
43547
35048
4783
13524
5161
20494
46976
3183
3118
36707
20951
28893
6377
33245
19441
33528
13838
26705
39067
1556
12695
23010
9962
12642
1698
35445
37442
32601
2920
20235
3330
18839
8442
20464
18153
44030
31175
43397
40782
36214
28486
15093
37632
4794
45543
26668
40990
6242
19281
10227
1902
23708
3434
7668
11609
18950
37541
35921
17821
18710
20469
14980
5365
11076
6928
23865
6508
46014
6135
23074
17667
3110
5962
28506
46406
5283
35859
35587
9945
28382
44803
25959
37105
18626
10091
6281
28512
25941
35013
27259
28096
26705
40016
24147
40675
6510
17287
2570
7731
9853
26306
16317
3020
4257
23486
1541
3787
14334
45446
17020
7333
15600
5811
42394
12574
41246
9705
38540
7629
28243
1987
42632
7722
35466
8419
37957
34790
40062
18570
19451
10044
17795
30704
4297
12612
4693
7405
6484
36162
14240
30459
7600
47789
38917
3433
14891
49289
39554
20801
22422
30984
24076
25674
10536
2180
49759
33116
10549
33912
45699
42649
41508
4950
7762
40634
26079
7072
40893
6191
2097
6053
19340
17708
28027
24989
21616
13989
29641
30732
10313
43803
11957
17765
26276
17346
37331
7818
16392
6882
13267
3284
2362
38157
9219
7954
24874
32524
49256
36755
17813
44318
10364
28837
7645
20843
32084
13862
34680
30301
7057
43329
1030
5866
36154
8269
23327
14203
46004
10548
6246
25713
7496
21339
8096
39639
27330
15407
11301
24383
9266
24039
7337
4361
33252
34099
28447
28197
47242
49844
26372
13755
18585
21975
40468
10418
4986
40478
16916
5711
8977
5870
3540
9772
28169
19191
12629
18687
4400
19121
9947
4777
6264
2664
23452
29695
5485
41135
16330
5210
42943
49869
35927
37250
47277
13928
15249
11966
18951
45265
2515
26581
6943
18930
5841
20571
7516
44802
38628
24515
23075
14940
1404
35032
9772
31574
35650
18524
18066
40473
6824
22733
9063
10478
11702
42955
7361
15371
45831
33548
21799
26635
30591
32359
7747
44571
11376
1931
12498
29953
15275
39348
43794
19084
13691
19458
11504
5443
44980
37518
13041
30236
9543
5086
8899
6724
34039
2236
30693
6696
26031
16269
9007
46280
20674
17881
28709
45249
21786
36041
17836
43477
33606
7530
5346
24633
19151
17379
19690
37309
1917
22823
2386
11743
8607
3759
20192
18988
42284
21573
15314
22571
38308
26772
17348
1589
45207
16282
35603
30164
10411
19447
6964
25863
9531
12701
1201
2623
5171
7910
21951
44834
46546
19080
24670
19124
7136
1748
30191
2752
39117
24830
9349
29357
49444
32412
47779
9904
24063
27884
34272
16128
36976
30404
44336
2170
3810
30486
2917
19789
2352
23409
6393
8464
26780
4554
1361
8245
33554
42381
2756
23264
30103
28873
6088
3582
7251
3626
3996
1598
36585
6366
16528
25314
27416
36090
2564
35009
43829
9144
39302
15841
6077
22823
3503
42315
37613
47125
9180
15570
41291
5007
21919
13325
35866
35139
5795
37777
17724
6677
4860
7716
3732
2600
39965
1283
20275
6676
4289
13592
49668
41313
3325
8879
13797
19623
43660
29159
44131
29861
6921
31864
4862
29655
32537
17012
3622
4557
14170
42114
11846
11277
31849
8404
7587
40011
40184
9311
4920
1203
6144
32259
17877
13678
42579
7561
28285
11029
11782
4247
49208
7382
2819
45186
9145
14034
14907
4730
22240
7643
19124
16501
9361
39913
38267
47690
24232
5112
24148
40061
14816
7510
24720
16337
11275
14678
8688
4951
9523
23107
2346
13962
7359
34027
49818
20792
8928
25827
24491
34321
46769
17404
2378
24450
28942
1901
17762
6564
19542
10672
9530
44260
37506
4742
11492
16756
3181
29613
36374
19999
37650
13085
15289
24095
16426
3987
43321
12627
1778
7622
22730
2715
6389
41912
18642
8905
48279
45704
36100
6044
17639
24342
23429
8089
5390
29961
20572
29197
3354
46209
16948
45994
25212
13809
4406
29193
4985
5102
30216
14742
43206
26235
6838
47031
7500
22820
5958
6454
13240
31851
1283
46671
41794
3640
15589
22255
14713
37091
29583
11455
20478
37536
12893
39335
5701
30103
5901
34201
34012
20719
42294
36988
11657
11261
34743
3995
6077
14127
6850
15943
3691
5823
2099
31644
11223
22189
26506
9005
17046
23883
19004
39172
49849
21605
7108
34608
5318
9929
37800
8569
3943
2853
1866
1813
24389
9068
28026
14093
22801
23410
22262
16085
3944
33982
3411
30494
43719
24846
4029
17863
19717
39382
9488
10298
27874
5451
35174
5202
28193
45975
43979
25444
34174
3944
11973
6339
18598
13387
12228
7142
33272
5987
3708
11650
41737
17959
4704
25403
21365
25043
37319
27406
9009
17522
18793
14179
39755
16048
6649
47980
15519
7693
6110
27550
5612
37672
6980
5114
10375
12651
1064
33401
46386
23712
43230
24746
40597
8588
28786
15264
38523
37177
3462
4125
9654
9595
8106
18624
8188
11854
49727
13126
3898
6287
23342
43804
40946
12541
43903
14585
21323
47036
43440
13400
34277
1756
25703
25583
43806
15604
21156
36364
37708
23177
42087
36401
3542
3362
3155
15828
7643
37266
12227
42945
9237
13115
5394
28565
2495
19103
2031
40406
10232
29585
18083
21435
34577
7894
38402
42091
36270
15521
48574
22467
1675
4168
20733
13046
28055
37390
9721
42840
25658
9444
1622
19891
3154
36345
47755
36606
41820
37605
40179
14997
17946
34609
3343
7721
21457
4506
35937
6744
2451
2986
32514
38906
2958
49733
35159
11802
25989
23949
5211
16370
35042
41317
11287
18971
32411
36705
23518
2097
46555
12726
2175
6795
25823
8700
25083
2831
18699
7325
3419
46709
7512
24248
21433
35885
5791
22387
32675
30378
48911
3134
25819
40661
7424
2044
32001
6191
25208
7309
12892
38685
21165
41936
17874
34556
1568
35498
5886
42577
35364
24907
29419
5040
36543
42261
4841
4406
35728
45962
26333
32172
17877
7961
22200
22735
2846
3704
25981
4876
43708
5867
43053
20512
30790
26455
17679
13776
16115
49434
2759
36947
17071
9788
10812
32331
37781
4041
4756
34417
36451
13203
23919
1056
30610
27097
44624
28543
16388
24467
20797
36184
28888
1715
5734
28639
48795
23048
33267
48107
39690
47488
1957
33869
37018
38240
5109
9806
10020
33138
42163
43136
4135
23559
20515
25594
15109
27709
9073
43305
23148
7943
21206
32808
26641
40179
33731
19970
10876
28770
36432
5237
29452
8006
25395
48611
34906
48375
33665
7713
8237
34647
33994
3738
22421
41964
14062
49538
24012
33033
13779
4251
32101
19019
29597
6729
29840
44500
1784
5118
18193
14302
17375
27669
28024
19173
24091
2290
17921
23873
23279
3166
39844
45688
41351
47655
3461
19096
2013
6091
15537
20637
14416
11879
25392
7462
47142
8573
25669
7917
6545
11262
16905
5767
2361
12889
44566
11367
39092
16904
14071
41056
6117
36353
45178
7101
27901
17714
16791
1606
11847
13939
43400
18220
7219
2811
39151
4610
32213
2671
21976
10718
40967
26813
8103
27281
37421
35657
15941
24086
39687
9261
7085
4822
23333
49371
3763
14097
49489
8765
21219
1469
15475
30519
9462
9010
14748
8394
21832
5591
16194
24757
2601
40071
5918
36791
41636
19498
5756
2538
4509
6387
12353
25928
25377
1961
7233
42355
36862
30325
29415
1857
11600
26121
3137
9121
26738
28074
49606
43018
2944
4993
6891
49050
25945
8040
27317
17713
2531
46752
16911
41886
42475
3533
29243
41362
25729
17138
11321
22976
12678
1544
8540
27503
38583
24054
23571
37481
11372
1397
3883
26882
28497
46049
46150
7686
22841
41872
6522
49947
20499
34678
1490
21844
10843
42398
14314
37282
37566
45361
30334
41467
16524
6802
30352
49060
10305
12653
40018
3567
39796
14324
7447
6084
36826
23938
4113
12378
22660
37074
23131
23264
49952
1909
29834
37061
15347
3047
2948
43266
42996
2468
16100
8091
31631
37192
19967
41642
27828
2050
5782
40141
5375
42975
43360
9934
49607
4537
32611
4331
43085
5280
43862
22148
1639
10510
7926
24340
8195
9760
28999
15031
21039
19453
2893
31046
39541
24040
29082
41669
44730
38745
46364
1196
24791
25145
8444
6298
10683
13412
4435
30684
11175
31627
36921
36937
44725
7801
14457
26310
45981
37052
1590
30431
16274
12072
46646
9795
5916
26300
24531
34511
5417
13965
24113
5227
1472
13652
20634
25622
27840
46105
7197
39601
4394
34195
4721
18362
43991
11113
1625
34439
17115
34579
36903
24769
4793
27802
32876
16097
19206
40161
4625
15638
9739
2745
16106
47786
12190
11273
30883
6520
17159
37629
5662
8370
11877
8582
23007
3270
11126
32355
42678
12198
47277
30205
38513
24856
44822
14488
2572
48524
4939
14540
12721
37109
22599
15734
26129
14454
14913
37131
6914
8113
11585
9322
38786
26779
7226
40316
13451
28155
44756
35141
13844
6501
14485
39001
7227
9047
6069
8421
19045
45458
23606
11566
4561
22604
28708
32688
24854
6742
8420
23271
12220
49253
20130
21230
19162
28547
49329
13495
30683
39941
39221
36470
23212
17803
24070
13618
16432
35605
1137
25662
4520
45568
42778
3651
47971
15156
15374
6134
11855
10466
27384
6635
32896
13932
33586
6662
9033
7945
4181
5392
47752
39109
6207
4316
5734
32465
5736
19134
21122
9465
9873
20302
1944
35993
15140
2324
12509
20636
40012
19246
41687
7654
11742
35148
11888
3858
43184
31410
16762
25889
5578
12492
19135
44325
8296
3491
11280
11215
12223
28333
1266
18204
32631
29866
10459
21975
37580
10405
4953
19767
17882
2594
28764
41740
14645
23112
28699
5250
18086
44729
32762
20110
31356
46204
49744
41816
8868
24892
3754
32516
5754
22128
45217
10507
3814
1530
35905
22047
30557
8823
27271
1648
17135
2209
39891
24927
38119
17493
3471
25074
15268
28423
45821
48138
30372
30417
12844
34703
14649
13929
33841
42277
1092
8951
34408
14873
36140
14748
17587
12023
21016
34590
3715
24865
8122
27793
19909
24741
12649
7127
26713
26297
45336
45045
7045
45350
45590
3630
36882
28684
47116
17406
19366
16103
20727
36524
8595
18527
36115
27665
17619
27607
24422
4799
9195
7793
41161
18251
17603
6196
3041
42604
46721
29751
9310
45823
19018
35807
9444
7872
5355
11141
35941
29225
8244
20431
42499
47747
18114
49290
5644
41569
38926
4286
17431
15881
28521
10169
3992
46919
8586
6854
7066
16077
10709
45757
4801
32205
29152
3850
30892
1029
17234
37992
44279
22673
27953
5105
7310
10904
49060
5184
10797
18954
4994
49739
1603
1633
43774
4601
4297
30420
26028
28456
16965
24760
40841
45620
5514
28337
18387
13412
1501
8641
30261
43113
22622
34780
27659
26828
11545
17316
36701
2219
41837
3012
15712
25877
17600
43908
15025
31202
9791
23207
42887
22915
24764
8996
14057
1287
6126
49253
22963
43243
8815
4627
7280
15656
27818
8810
4767
18565
15854
9140
35554
31336
34344
29110
42375
6585
48808
5149
46383
47202
17802
3344
11029
39233
29312
20496
22593
40851
39322
6982
48060
9695
26632
30424
5455
47456
9491
44140
4822
47092
18724
19615
11222
32884
41788
4296
25215
10674
22624
20439
7278
11900
46484
39961
3466
35662
2259
28351
3045
18878
47600
9603
20582
7310
18839
10256
38852
9320
21144
4467
35587
14399
36408
1863
30256
34533
2213
49214
46189
24097
8301
37569
31806
8507
34033
1369
2662
4360
7643
31263
23844
17972
39482
8000
19293
29384
29906
19751
42012
10698
4650
9333
25641
19097
22947
6754
16585
3163
23680
8834
18772
44493
16603
27244
43770
48149
23155
38162
18492
5617
37140
9666
7901
6073
4508
44743
29943
4883
34246
18599
7647
38612
2478
2519
46619
16412
2974
21402
3520
9939
14905
32038
28686
25268
8322
3981
30690
2418
7820
6575
7055
19094
34108
41637
5012
48245
21324
29413
28833
10642
20849
39806
47984
44953
16627
11183
26804
11177
41164
22072
25254
10221
10008
14872
37194
33253
10406
41675
7527
6822
46643
6278
49482
8418
47836
4980
31539
9871
29325
27427
4793
2678
29762
1148
6857
45886
18599
9141
10836
8396
13433
38682
7072
5721
46193
14494
9153
25129
17350
13250
3480
48345
27234
14824
8666
18910
36466
8123
26729
2761
39847
27500
19662
23087
31662
35769
9227
3951
6322
33346
20700
8522
6426
13912
19844
28111
8833
39938
5962
9234
6097
20335
35261
29315
25964
15143
34352
9139
16742
33168
12005
1973
18597
49529
35398
25032
27302
34357
49857
22196
17338
7950
28914
1845
46242
26887
45220
49697
32478
41238
43064
49778
19222
36241
42790
12933
2738
20664
19187
6024
24929
23322
21678
9533
39629
9115
11829
3528
6841
3741
4936
38295
29563
15061
27836
18607
5020
13143
41391
18473
20233
29174
24102
25387
18228
18003
9541
32236
43641
39249
45308
39924
46471
12263
6206
46364
26710
13718
25006
41393
11608
28985
30731
12807
7519
3483
5349
3612
23358
16734
27279
28277
2510
25282
15406
25200
27211
17136
3333
45523
19143
49146
2452
49626
33125
47069
31453
39908
6640
23399
17534
43699
9935
37836
25920
21336
40955
15767
30930
45077
42273
14307
9511
25226
3289
12061
41364
9868
4024
25467
39343
1125
40157
4864
35511
2539
19513
11641
46313
6773
9659
20910
3826
11700
19078
8873
18278
30950
41688
11002
32368
40095
7150
2142
28929
49847
38051
3000
2178
3152
10451
3493
29536
37495
31920
28426
27574
30629
14768
45853
31435
5802
4323
30775
4440
25689
18018
8976
27736
11397
26937
4731
39528
31895
2228
10432
33962
5250
44139
14223
48299
40398
4788
26652
41498
24256
44136
32584
45717
42576
13367
12879
40820
42958
46579
32266
39130
21479
43832
2319
13885
8111
26762
32512
25746
4820
26343
20090
37223
4943
19419
7389
14792
44604
22353
41848
7632
10105
35220
7186
13055
2652
8945
7126
30557
41894
4431
44715
29553
44830
26631
1866
37401
26808
36432
2160
6785
33433
15784
11097
11448
18725
16642
32794
21070
11208
28500
19029
5867
6511
34806
18946
46626
15715
5716
21807
14611
2483
8749
7728
3450
26873
44410
33113
41075
13695
23175
6082
17753
19023
16073
13848
30553
5247
29517
3629
5228
22818
7622
5703
8238
48342
30799
33233
40336
19933
16355
23224
36303
42858
13278
29383
45191
9252
42840
36280
17911
15093
13872
11208
12247
16672
28393
9480
26440
29190
4000
2095
3633
33512
25936
11857
27449
36718
20943
49130
20454
35336
2426
25430
20561
34089
45518
24801
43582
17833
37640
16829
20881
8113
32488
12499
1912
31345
41016
47580
3536
34613
8485
36293
18313
30072
49840
28625
49276
20103
1817
46396
3915
42978
17407
18206
26871
10768
9156
9654
20563
1741
14917
24760
21479
9294
15501
26417
8868
7610
27778
6467
20094
2811
34286
7717
14345
19603
41000
16265
28940
37844
2533
3338
23932
24806
16983
2689
17361
28272
5441
3011
24606
16803
38150
7324
11595
7425
17771
1047
16632
35541
24771
45418
6614
3016
27881
42027
2641
2558
7615
37140
6162
1197
12770
20688
3958
17249
11369
14595
4670
9082
38729
8420
39477
43864
37144
22926
47946
18701
23759
27690
10117
17713
17759
2452
8469
9059
3590
21066
7169
20062
26644
15007
26833
38151
9377
8645
11395
39276
3265
37622
7161
5750
5470
7465
37221
32599
19199
45430
11028
22222
13899
3898
42692
18918
28784
2686
9672
49749
3943
15183
18161
49994
30415
46931
1663
41093
2249
27517
3479
33588
15005
30955
4137
21759
9954
8616
7158
42106
27293
1304
35143
20743
27349
45091
29546
27598
49167
41538
11022
8394
8930
30399
13957
7766
16937
1479
5560
22742
5322
6633
15999
37159
43866
8705
38912
32205
9151
47855
37852
42082
21679
19747
3678
4929
36499
17683
2554
10914
3364
6565
35191
28566
45336
4156
9190
36517
33464
20044
32472
14655
32252
42028
6136
29580
16875
40072
49743
9910
7204
1770
45948
46943
9505
1229
30511
28466
4693
18860
48887
33654
5347
44836
12425
31282
3377
20165
20937
38570
40575
5051
45179
26900
16335
21015
43394
13082
36144
5561
18421
7052
20837
8584
17709
35447
24249
29031
7002
11378
22416
10272
26135
27236
1523
2702
37868
47640
11456
46979
36331
20285
28646
12998
41660
45412
34315
28598
1590
33028
31006
38542
38817
8886
47766
4917
38829
20704
28579
9604
12190
45466
4255
28018
48140
44131
14480
27549
18060
21347
49151
26554
26604
23683
46779
2425
27082
1154
23649
25800
27150
40312
9454
45538
13441
43579
8485
1147
9509
5810
5565
19030
8456
29792
7644
2774
7083
24417
26762
46693
18420
32937
7088
31624
5430
17211
4077
8259
27233
29962
4327
6169
2869
2552
31593
8717
19882
1239
41479
26248
9823
29274
27566
32558
26305
22842
39492
4827
47535
33698
11892
7240
14893
19851
4433
40498
29774
12088
47019
39122
49363
5251
17526
20477
40942
16574
25938
33213
34454
49497
38057
8705
34797
46731
10239
32627
42390
34365
5144
42265
27037
37781
34539
9962
39168
25151
25629
3808
23947
33613
32837
21849
11598
2625
24845
46119
45291
9187
43095
28374
39900
13003
20529
7681
11092
19956
6921
4311
4090
4126
3638
12836
17559
18562
24258
22990
42178
15645
40108
14184
28515
49296
28308
9370
47005
27638
29946
11339
13289
34056
31694
1721
33487
10946
46443
9463
6960
8539
30837
24192
14779
17280
15674
40412
25960
14256
34202
34208
9527
33187
26682
6622
26541
43520
9836
23585
8190
38504
17285
10950
5156
29038
20662
32929
4097
2396
18842
42703
42779
20088
17573
47287
45321
29808
37003
2379
20165
18918
5029
49330
38865
18553
1836
10411
10239
24080
7143
40556
41760
26854
2226
8550
3467
39735
23736
28190
11752
35164
49067
11406
1540
28918
2556
1397
26671
10531
8572
21071
20384
32748
13386
26560
6031
38023
35879
22519
16624
34472
23377
33234
21955
15314
39642
3872
16072
33340
24527
11955
17451
23602
47341
21330
6979
39328
7348
34731
15129
3600
36243
8831
22733
17600
13300
26285
1990
7753
22188
14826
28495
41275
16814
18648
14130
44993
29795
6275
30705
39623
6865
6194
29101
10180
23339
42903
3594
4128
42047
35552
20299
13457
2230
28527
13539
13408
8272
15496
41356
3594
3998
7722
24240
26041
21375
9457
5418
19390
47707
39100
3489
10804
11350
21430
30951
32647
9146
7873
34015
7444
6141
18066
26963
23827
22755
17047
22130
10465
3853
17243
12446
44463
11513
1425
3883
5150
8312
8672
37980
38168
47286
30515
44660
6842
4021
5511
21208
31144
38106
9032
5451
47739
41260
9367
2618
12178
12812
12705
40982
23828
16984
11338
6618
41251
29835
4248
27857
39467
46350
41414
34032
4454
46772
3828
1627
15093
37750
6118
7373
45415
42290
20880
41561
1079
11252
9672
24587
31493
18734
4334
7675
37495
10064
17191
8584
25504
44506
1027
11366
27379
4785
36209
3988
24193
26092
25972
29779
19332
47081
14718
23471
21559
15820
45682
35189
44736
25778
23630
3085
1090
6009
19823
47628
20646
5130
25609
38310
41881
27638
6519
21507
37974
19870
21384
16758
31483
36966
42049
49502
43923
30289
29585
13970
2408
39465
6353
30021
34404
32474
24053
22778
12860
35048
19121
26405
26886
45470
1308
1149
25116
42461
2236
16962
31794
29058
15091
15909
7221
29801
1564
12508
36575
12025
20624
24461
1409
4699
11793
13431
8451
19248
2249
13417
9582
21777
29138
31933
15324
48051
47016
12024
24442
21992
21450
11871
15025
48341
41994
21753
10313
2403
36217
1285
31390
22836
39896
8901
8315
8721
33245
1716
8100
24923
18896
12803
29067
36576
15572
33951
26711
15662
35478
7294
5855
12294
13811
3788
33138
14546
33750
19359
26922
5820
14866
33830
8882
21813
2965
23474
4874
5608
37300
43447
22562
27663
47322
17533
32710
30653
37721
37945
48869
6210
10759
12914
9999
27612
20520
18145
10408
36944
39083
20520
28118
26013
44654
33245
17405
18400
4280
40426
2773
21305
20796
42534
6450
16123
8883
12756
6766
44584
6667
29546
13788
16198
6835
48194
47882
1065
28051
1296
22988
38325
29010
22665
20343
24698
29580
21376
27312
8473
13981
16713
18476
44077
15286
3411
44208
37270
39535
19348
8683
19708
2116
13642
2228
17945
39525
36259
30671
47223
10464
37707
32607
26783
44349
2616
30513
6170
1605
23379
11101
32476
8953
42066
22332
17951
40422
33533
7533
2401
36104
22943
35241
22000
30210
9415
5515
20103
22753
5138
9899
27328
7608
1168
37959
35150
10689
7980
38841
47468
33935
2436
6428
13674
37948
9948
10051
37140
5566
48256
25806
3708
36224
13034
11579
16234
26872
12808
2039
9429
46239
23887
41560
25177
3895
35526
45164
46631
16183
32113
22770
46393
5864
17077
36649
35743
26499
8349
18949
16801
22713
1738
12668
12229
3171
47010
10563
16334
9202
26452
2117
2805
43162
10992
16199
5501
17953
34798
24389
20275
22636
13502
44283
11402
45052
5915
25065
34494
17907
1076
5222
47468
33708
31377
21319
16231
45237
36586
35538
7822
20304
7914
12872
5026
5882
43876
11129
27940
8411
31844
44897
36852
46254
25205
40077
7577
2327
19616
18558
35428
37917
21583
29216
7927
5362
15883
41392
43022
11077
15424
2310
21479
49342
21719
4764
39070
6542
32886
8904
14517
8392
37751
22542
21435
11076
4665
9388
21617
7429
9550
16686
5862
47221
11531
12726
10864
3058
48434
4873
27025
42643
12769
44630
39830
18363
7662
5156
36563
42180
6791
40033
18408
26855
14984
18939
6384
17073
17110
32768
16099
12760
3029
26522
31521
16702
4698
20704
42153
42069
34770
7429
23018
3195
38248
33089
27297
47243
13721
45752
10030
40058
24313
25343
45018
4220
30788
36947
17977
39674
41619
1075
24399
2805
15062
9926
38104
23820
9238
2847
4635
2666
8361
4625
3833
25837
18277
4668
34271
22633
14096
4620
16898
21445
41158
47252
1728
17410
35501
39264
2227
31257
6341
5812
41785
4227
3083
8798
16629
44570
25828
9037
9892
46126
21933
7313
37617
9517
17167
41592
17622
9136
6956
8435
33948
8062
25574
39576
42130
14255
11409
40014
34834
10148
6274
15011
18094
16008
28573
12882
30284
38382
12785
18747
49191
21314
4597
9324
14015
37611
26026
36873
1762
39832
1438
6137
14236
4097
6685
28413
12102
43211
19066
8101
37762
26969
23879
24418
21653
20883
13561
31454
24837
8544
18625
42491
34595
45904
1975
3152
12082
37934
41691
1369
4890
22560
1105
6892
18935
6784
13670
24440
43276
23008
21252
45874
39991
26356
40845
3542
42122
10696
33934
37935
43864
10588
22656
8566
16770
7748
12992
14688
31827
26694
18721
2730
12805
43657
44218
30485
32554
23651
3383
24323
30509
6171
8503
42766
3777
3407
4637
6407
3912
46261
8806
19329
6130
1554
41244
21673
1906
15612
24366
40329
41519
26286
11075
35027
8339
4817
32827
23281
9206
13432
15933
3111
16099
27634
23503
3997
10021
25199
45919
18153
28755
47278
7703
16608
14994
23712
17894
27295
46051
17480
27428
35876
31384
16246
36113
15611
26212
44065
1116
27505
10930
42639
8438
14370
34197
39407
30614
6395
9070
34713
34043
7197
27983
3176
36455
37701
11105
23088
7892
44775
39905
12889
11586
40085
39913
16866
15860
10716
36156
17470
36159
2128
3627
40376
46189
7788
31955
5190
6282
21796
25693
8737
45139
5211
30954
39008
46204
15590
17484
4966
29348
33894
28546
31818
31083
8981
38738
20253
29687
6893
21072
43722
38591
7789
2737
11647
40587
26780
17652
34104
9522
32718
5513
27443
43989
47027
31052
24608
9392
23231
36495
16417
39865
1803
33041
21895
4221
16080
6123
36568
4734
19293
10703
6135
12701
26364
21792
18387
6284
21140
3070
24100
38237
21674
20094
7442
24109
28461
1315
4531
46668
3468
43778
1518
33940
29894
43652
2382
13143
25684
23542
2962
4636
9603
15809
21849
10758
42506
14869
46093
24626
39762
20888
9231
3934
47477
13455
13745
2111
10368
8519
15537
7385
3381
23505
47657
13085
2785
5234
32385
6511
17867
4379
34403
7268
8750
42404
12434
21573
12459
29668
34975
21387
37359
48260
32688
4615
9728
8532
18922
39617
4395
2323
5210
4761
20021
22863
44117
27895
8020
16212
11640
6767
5987
22780
4152
34310
12076
9710
3785
39293
46206
46091
1444
46519
20759
24466
3853
24362
4376
32049
27697
33939
43699
13361
7350
23949
22849
5128
17503
16582
12728
8084
2322
9390
9074
15224
22328
18954
23913
12487
9363
18457
8158
44402
12521
16040
3882
13044
24046
4083
37116
11848
23911
47461
12045
14629
3354
6963
22388
4025
13284
31346
2995
18950
12458
22957
5948
33441
43303
35896
43684
32369
36836
8642
49260
4187
37149
30570
2680
17425
15485
8851
2991
28040
22598
22471
15227
3903
44628
15225
41036
27407
36964
43082
20751
9358
7161
10968
7575
32333
9980
5787
49707
18518
22960
44582
17130
8500
28892
34868
43264
5452
19497
2429
4608
10741
4825
26306
22577
34742
39769
11783
28239
37930
24860
45836
29058
49850
4401
5709
8555
15076
2493
5342
1408
40663
19057
43591
27620
13879
9382
23890
11142
30939
22811
6429
46904
7387
23052
47537
1037
44116
40797
6815
12030
7238
2464
30526
22929
24825
11762
37869
26047
19827
1207
9535
21803
9247
13724
19186
2947
9615
18047
15316
3493
21680
9431
32984
49021
47268
43485
37123
1850
9043
7294
43826
4941
48311
17843
47102
7456
9418
15334
45210
34120
24810
11630
2215
9317
7987
3658
30874
7979
6740
29644
49017
36454
48523
6248
35424
27268
19111
8483
32140
3883
22663
7576
22653
26521
17138
30414
37923
17180
3613
7030
16561
30425
6536
27395
30319
13522
7063
30073
3727
22848
4781
19028
23568
8621
3273
33406
5510
19453
15727
14232
2561
1055
17253
43182
46265
18632
22565
45941
49095
5267
3329
28037
46748
40269
15810
2159
47492
8704
2464
9153
36813
13265
42604
10794
4756
48271
46015
47442
7666
45797
25998
5706
8980
3524
33591
10985
31221
33340
40903
27239
13713
25997
1048
14664
35984
11097
5361
13191
10186
25612
15119
49337
1906
2608
33041
47394
32985
1808
49015
2727
42461
17238
4434
2538
1980
8154
9046
48892
4245
17064
7905
43585
22135
39679
9776
21437
2933
20196
43472
18682
38997
17128
47042
6623
40040
10327
36008
41598
38078
12428
9777
24335
5720
21057
3493
3976
24910
18595
5085
47617
23053
10385
28984
16129
32907
41066
37410
43991
14440
48584
37516
41717
2160
4541
8154
21633
41922
34832
3232
32010
37603
18459
27942
44333
12690
3877
25944
8191
32096
22094
13837
17954
2529
12414
49767
14728
25250
13173
17137
11304
15326
11709
14078
33030
4451
35692
2531
31888
46575
1970
39302
1018
40107
8491
6034
19166
27531
25658
46416
8567
35147
7342
18951
44857
6461
46320
23822
21700
15126
32664
19797
49515
9678
39647
1445
44714
27534
3513
28030
42535
16803
14855
29690
26586
7138
47676
32779
2816
39746
44019
30364
31865
1334
12076
23771
9682
47976
19884
38204
8295
42093
19858
9669
7588
6575
16022
2379
8342
14450
29588
15209
7287
21856
2967
44726
20415
5556
12386
9615
1643
7741
6928
45800
4943
23054
5832
7431
27754
12223
12509
36787
15459
14169
25723
46677
45646
46205
1774
9498
37609
6914
23220
22019
1715
10875
47121
1131
36074
22179
22978
26407
4858
38948
8025
19835
13983
4988
29502
1470
21577
21584
26020
44833
6087
7343
32045
11530
11778
14793
12597
3365
6467
5521
13257
11614
27673
24719
12863
10045
1345
25619
6002
10545
20817
49538
16533
48058
29451
20105
22645
11263
6400
12882
26737
35305
9370
12144
28862
2291
36729
6064
5769
28062
30506
2755
22129
9066
39389
14413
44870
47085
6464
3197
2963
36859
41636
24881
17292
22327
8110
30004
33651
3805
22996
9623
4317
36710
3854
39912
12585
12438
21101
4041
31809
19011
8628
49087
46201
21479
26347
46919
5165
48593
41981
24534
14051
14931
12683
4548
15708
9143
14373
7800
17325
16552
30772
13823
18118
4216
9497
16836
4268
31274
23012
23741
12548
8274
33495
30220
1951
46967
49867
19158
11660
8231
7173
8745
9312
40266
4136
22126
2625
40911
36298
27046
6476
4627
37507
2089
14611
23022
5887
36462
23502
42784
1223
29158
4791
17755
29853
3996
21216
35436
7908
6401
42271
28387
7925
9582
15668
24416
2838
11441
39324
11544
2334
48864
47161
34735
8979
3978
6331
25033
32907
12097
19644
34966
41101
19401
13098
9018
36560
15774
38503
31499
44180
46488
11309
19402
21938
40595
20352
27947
21089
22819
12597
3065
27269
15907
7136
5202
2133
22517
36788
33044
44320
33296
9946
6591
26525
12398
26955
20379
3553
36615
34825
26567
39575
36885
24740
9153
49753
4628
22493
41282
49758
22825
1524
38002
4387
20435
48238
47928
48104
15036
10518
23867
40599
18065
39161
2309
32627
19681
31173
10015
10063
41056
36637
25344
8850
6070
8127
13631
36262
41742
9608
47432
3879
49370
17191
47118
44352
7660
42007
46540
6757
33681
22112
13893
47139
45119
10176
49956
3912
5767
1257
23812
49644
39852
19890
33150
31776
11822
9677
1690
48476
1776
30675
49681
4482
31652
20271
44080
5284
23931
48858
10654
14472
1742
8866
40254
32606
45622
9760
3231
21335
47429
7430
9093
5751
42834
42395
16094
15753
16196
10088
42592
16619
4200
32684
25310
10458
40975
1984
28374
17583
2814
16970
12083
25337
20521
22349
3110
28262
21295
16479
18795
11547
47421
41318
12788
7626
5334
32786
21383
1305
32085
8946
8448
20623
48801
30078
44995
6361
36438
7483
3267
12667
40889
32378
45976
40605
43232
3432
9855
48469
34667
1183
8194
22893
22945
24293
5493
9228
8717
15603
25016
11909
32873
29249
1988
41937
6198
14671
10474
3477
42073
20888
23858
5176
29878
21658
35192
8662
21777
17160
2910
41743
46316
26027
9935
15619
15248
18540
40207
26343
8752
42761
8566
9031
45899
11831
6885
4876
11425
12316
30680
12460
4062
32462
6221
8310
29772
6704
20682
23067
31646
3896
13051
2185
12569
34345
11641
27579
13408
24170
34493
15923
11431
7082
1705
7877
17952
3358
8756
4904
47872
44246
19822
9575
27655
39478
27867
16272
46583
3738
29101
39834
18620
19658
23316
1257
14761
7519
9449
21817
46366
21307
1685
42232
32933
38186
45374
13104
30014
35543
33991
14574
40857
4702
44739
24975
6198
18425
48477
10696
8679
6754
13772
7836
26796
29951
48448
5611
39926
6016
10385
20717
16855
7376
18503
42123
34405
7479
9029
14693
21121
9486
22804
14801
16063
19176
42168
24574
3586
29304
6161
25395
19302
33556
16434
26140
36153
8244
7431
39380
19593
2327
16107
14781
2463
48878
45017
6530
7910
24178
15839
29746
4947
5460
46249
36427
25631
14057
27346
24145
4124
32328
46297
48002
9733
35918
45404
34483
10355
35149
25482
33984
34809
44904
20318
23537
36212
43979
42153
38930
46385
18908
47514
2420
45920
6215
32037
1612
46088
26304
33603
11607
49429
26543
10015
6830
31550
29539
7690
6026
24280
40772
2724
17369
17667
41378
33076
3850
39905
6615
27989
6757
22615
23001
49932
8069
26791
18829
7790
7769
45202
1659
5282
4013
21576
39512
49003
15547
7631
8651
45551
23907
2696
24503
41578
28162
28845
21699
33580
16565
17338
37939
27355
25702
14856
2942
9732
21177
46996
46151
21251
2782
26757
1506
42469
5792
18790
6728
6833
3673
15232
46702
28269
13834
5642
48142
23371
44480
21484
14063
3696
6753
9084
18076
43833
5474
22244
15016
45250
9699
6700
42496
13614
19999
48957
9039
2085
10613
7190
44212
13457
26330
49661
16315
9438
8148
7271
22487
16556
42193
19765
41152
15330
29624
4873
19238
24611
4810
27564
1256
31196
22917
36670
32350
10458
13041
40644
13941
6986
20421
34442
42566
32715
3984
18398
13230
12485
6055
15147
48608
3749
24458
3419
46947
43201
33356
49815
17638
10961
22325
37214
49598
37431
8275
36857
6631
25196
15311
21042
2746
22353
4949
7817
3067
17982
26674
38532
7745
35979
8273
25525
12923
33522
26646
7117
40507
20416
7651
11570
9521
47984
7438
37821
15476
31644
4230
25628
7591
49587
49634
47138
16224
26069
34260
14659
25283
6334
14812
33413
8553
7010
29370
6450
29988
4854
29513
31635
8907
7865
1905
26651
9405
34823
10669
11891
16095
21254
28279
45713
4942
49540
26952
35572
25405
45512
29970
45678
8798
29534
29479
27373
25678
36217
25148
4539
18152
33431
25718
13147
1308
7902
6273
1752
4350
12380
8620
25841
12004
12393
9839
15361
7422
7295
10386
19988
17549
1915
20398
24345
16466
48093
12927
1281
3066
41177
45989
13278
31413
26300
36630
6970
7513
7173
37658
4114
48315
17149
27718
6035
18878
38249
47929
33752
21696
7189
13101
13045
23339
24090
32348
49708
2207
4716
13539
45639
24704
13368
11411
2914
38642
28469
8670
33846
17618
3134
2689
22757
38315
15529
18813
8368
31790
3843
29499
29344
29104
26929
13599
4551
46773
2510
20262
2307
46221
21129
11706
40888
23028
35107
25274
6456
35309
40515
13087
28415
35275
48163
7109
8590
21237
39059
3943
2062
30693
34667
13472
17776
1755
29400
3617
37739
47915
4653
49717
21125
38797
27732
44755
26932
32343
39260
34908
23712
30251
20066
5377
19657
20160
29690
1078
4001
26522
3407
22779
30418
27058
18859
48949
8327
5444
46579
24491
24415
27627
27473
27737
8070
24332
26106
8464
48251
4814
21053
49730
8158
5550
20031
2012
15129
6267
36725
26189
47577
21800
37715
38879
25111
1355
19685
47302
7526
42154
49647
3777
42748
28294
28165
21808
21532
16160
7137
44846
9944
6978
8308
14018
16859
8271
20557
20787
34596
44829
42315
27903
7399
33860
19946
27654
36399
17824
46384
15323
2979
19106
9500
46461
17363
26816
48416
8095
15568
5152
33785
43415
35230
41601
23210
20845
39202
49827
2912
22558
45125
8067
30533
16989
32855
35400
25428
12141
27904
16888
10843
21281
27256
6795
4769
23759
43233
23415
23610
9723
7230
21703
17636
2011
49127
7757
6282
21426
49266
11770
39704
6016
49998
4742
20603
9230
9394
49071
22014
14994
44752
1358
17677
4612
2324
3516
2153
39258
4030
21726
4480
9783
25779
20665
35611
27265
44146
48710
11743
21365
18898
4861
7648
26360
9881
25420
24902
17410
25746
20083
30441
44014
6959
21514
6368
3484
34275
21333
30941
31238
30872
24495
32195
21144
49426
13106
8673
7999
3065
18431
5673
31493
18527
5254
48093
37154
26136
19907
16634
35187
8919
29137
44324
5229
10655
30833
9252
5257
7016
44152
1831
23973
21964
18363
20051
45388
26031
6540
9660
17603
5151
33184
16742
3379
28406
25528
22561
6476
30285
7133
36477
9306
17911
10647
14668
27872
8537
1988
4825
23295
18728
32192
12236
13712
37417
30622
46850
43231
6466
22561
15264
18578
43685
21192
4807
8621
44079
6779
38486
43736
1705
1997
30180
43067
15323
36052
41995
1292
5703
4236
20778
37148
17762
3020
38204
26600
43355
25515
46239
16784
42793
11993
21797
3142
7968
12353
5571
41810
44681
2238
27484
13974
49234
5881
20654
3843
14878
26888
2843
6427
22005
20047
1890
17620
7393
33727
33096
46759
44603
25425
32565
5283
5287
17876
36906
20470
19658
24081
12711
32721
11302
41862
44197
12431
28126
8903
28991
33515
1888
1217
22809
2188
20778
20704
30736
20057
41858
1656
44526
49320
14895
18808
6814
44142
46806
29265
41037
6010
10270
45741
9544
11939
1734
4192
25890
14119
46013
29892
40470
32643
4277
26659
42971
18541
40095
1154
19215
23800
3916
38541
4947
7368
45457
23493
46158
44782
12119
38225
1248
10574
27473
3565
3470
2784
10959
22189
32082
12193
16177
13217
45728
30069
21969
10964
8714
27527
7502
20987
40673
23195
10643
25591
37175
47305
43795
30001
31864
6557
28501
18693
13586
9655
11047
31381
38922
17717
30237
11781
3888
3532
14401
19699
5522
6735
26082
37857
22672
34686
38252
36203
3424
9839
6305
25557
45069
20674
20649
11140
9445
18709
8777
14460
17652
10812
39669
9214
25046
26299
16037
29615
8570
9103
16465
1824
20212
40703
23671
16080
16968
15530
12201
22112
20910
38575
16062
5910
11893
12130
34972
3911
27765
38262
26517
23619
35973
34682
28337
9744
43793
46927
3376
6932
46161
23050
18618
16178
9750
39857
19247
23329
45593
7410
37854
31235
25347
2561
40741
24337
30671
31569
7881
4588
49678
23832
14926
38909
1886
4622
5463
8783
13773
42836
2949
40858
17365
20250
33083
13217
8662
6699
13354
31368
41153
22072
7113
18785
21276
32880
32445
35060
26810
6999
15738
11006
47255
48192
8496
2340
3159
27510
45706
16599
28375
1571
23108
23098
7514
23099
25169
8168
10961
3722
23275
34885
44842
4209
11023
28159
49522
35085
30504
32877
2495
23220
38981
28757
43926
36240
36152
22781
6660
47144
7479
21395
30323
2902
1327
26143
4273
21733
47729
13767
23143
27244
46995
12637
23700
2109
36262
39427
25074
7113
2483
8677
34053
3206
40425
28358
43308
5889
38405
8373
40395
31965
28292
24331
1147
5392
49925
16646
1457
5985
9645
10649
47052
35311
5423
19825
3438
28071
26055
37041
46046
39457
43227
29653
46553
35319
38692
9925
20117
14504
5971
1229
8022
2988
24977
26713
41491
10738
7485
45335
47122
26520
48789
10803
48995
6078
31358
28821
6026
44441
1675
48885
1377
1582
1531
27685
36646
9551
4639
17764
8525
47301
7432
