21898
45146
39640
31427
11113
7389
9894
4834
3968
2979
48742
12446
8384
1598
45250
24650
5987
44864
23886
3149
44275
29294
8725
17673
7713
38219
33084
36772
13901
22059
20170
29640
6971
3396
4614
37450
9643
27020
22786
37192
3328
31679
1715
27281
36673
25937
36257
10206
22707
8146
6083
23719
43924
5488
40526
2560
19681
47498
2411
29275
21417
2401
45151
33564
14903
32957
46291
7910
17934
39510
23350
19087
19663
49701
2141
6381
11424
2421
32168
39822
27648
7950
49578
1763
41882
7538
3449
10795
24188
22707
1795
21023
29807
19406
23579
34897
39291
25951
5831
1033
18509
34253
45867
13659
28881
5475
26731
36268
23758
8790
17971
39169
9411
47950
13959
19360
16395
45076
39714
46242
4916
7500
9674
20402
27460
18757
2879
7222
15193
46685
24432
5047
18155
44860
25793
26105
34424
15165
5370
43404
2842
16782
43751
3968
10611
13770
39907
20408
29124
33906
1280
45240
6353
2167
36370
2320
18656
7524
21862
8257
8520
39742
31387
2889
11341
28805
9663
29789
6232
1478
26630
1111
35033
16692
3019
24152
7695
36966
4165
1497
27734
48687
14188
22063
42436
16004
41932
20504
15069
27924
2256
3151
23586
26178
3655
49882
2234
30428
1440
2672
35171
10507
21389
38784
31352
23295
18002
32716
1884
14598
15702
39499
5770
6896
36067
46486
10419
1778
30768
44965
4208
3039
16838
9835
8771
11730
21410
10855
4501
10495
15501
41132
35575
13406
31891
1039
45847
20183
17894
7871
43653
41881
25978
29938
34846
46762
6568
29457
5378
24420
44114
15431
10828
10884
15533
2570
4357
35778
19997
14234
8671
14159
9576
28795
12332
1952
46091
6628
22446
21833
4248
2865
30047
39394
3611
44734
14540
27758
10531
17156
31209
3236
29594
24228
1944
28165
6389
36865
41141
36814
1100
33449
23840
4285
18195
1194
27816
9757
6956
12229
34151
15564
15134
22636
26228
1187
12417
8799
48528
33294
40889
8428
33210
2027
44004
21318
33329
16052
30611
8700
1550
30893
37819
26414
29857
25922
7834
22569
33040
3574
17221
26572
48790
15533
30356
32343
6231
28498
23820
4505
21947
43503
3565
27168
12928
25082
44784
24030
38246
9091
40426
19368
48033
32822
1053
33694
13341
12636
18079
28855
33988
32673
9247
46898
48167
35910
15331
17578
11473
13367
7197
17372
14717
28428
9195
7690
39366
6689
36357
35933
39948
2707
17991
20011
42899
42801
11844
25239
31622
22468
32118
14905
29239
2572
6413
16661
13576
41106
1040
47646
