26700
36855
6702
7398
29893
1270
18378
12789
4825
1770
26476
5452
28071
26473
3325
13919
6653
4300
7178
39837
41064
32217
40351
15131
20932
42426
4697
7193
29016
25636
32156
14755
10251
16957
23678
8329
6552
44873
8503
8069
29704
45552
44954
37098
29628
20216
6937
41656
1501
10440
47548
21999
18166
18290
43910
40035
23993
23414
33090
35958
4405
10366
17871
24596
30539
4939
23846
42744
30582
30920
25289
14821
12515
44566
26243
16364
10405
20551
2512
43846
33717
28430
9383
45643
18686
18367
36587
7898
33567
25493
32262
4453
3660
5718
1791
24730
32023
38495
29011
39729
45696
28667
5019
7716
40419
8772
29741
5033
37249
41475
23599
11782
8267
13480
12858
45318
44086
38630
17108
24012
15985
13931
14478
22290
49621
20994
25526
20118
2881
37553
47900
4066
33515
22376
20369
9041
31978
48105
4982
21587
15397
26317
25168
3772
2550
5521
9342
8631
2166
6082
12405
13764
34878
20517
34885
1388
10589
41316
34395
2723
1865
11208
34252
7505
25252
42101
42436
9675
14861
23686
5179
19572
3562
6646
28608
14375
36855
39968
14572
25992
27492
17637
14744
5434
15992
14804
49332
24214
18355
17636
47212
3039
27463
27877
47286
4730
25840
10348
13817
34116
40969
22974
38011
3413
47082
43503
1309
1607
49658
43892
14870
2336
33805
27652
4425
29338
7248
5646
44823
41472
4478
41268
1512
2632
3149
2047
7657
1225
8720
16665
8752
26355
29119
4893
1631
2009
49822
45634
21373
9379
18930
9694
18987
21879
20594
13777
24709
19371
45672
49728
38874
2140
12217
38653
26018
14632
9554
29851
32206
8763
8335
7371
27693
31437
8721
1165
28015
1950
9015
27587
6314
12520
18806
14667
15897
3843
37254
45467
26777
21952
3673
20241
30983
18747
17561
42478
14693
9243
9793
2307
26977
25605
25013
18966
21187
33206
36834
35341
23626
25130
24117
26710
2350
24158
8819
1208
33577
22588
7234
3336
25755
35538
25385
43266
21513
25909
2478
1815
33149
48388
15397
14470
18863
9927
31089
18754
45086
34981
27674
13234
13811
38358
37042
7744
4199
49745
15116
17659
1572
48837
29484
37478
14573
28088
15201
40478
1060
33070
16086
27137
9863
5679
22167
46837
48699
47032
30812
9165
44614
26444
31425
3235
17306
15540
20337
3658
6064
21464
22051
42032
14227
19301
47816
32583
5241
37253
25307
36684
48883
4477
6092
33328
5617
21577
9599
3820
44458
14113
7152
1938
31247
2976
43894
25477
16383
48000
17932
42819
7179
30501
1703
5775
6098
5071
40355
12165
9191
33974
8192
20724
18303
19519
24947
23089
2517
42791
41945
45502
28910
40991
33462
48959
33306
3599
41738
49102
49376
40131
16370
21471
29287
9975
29248
44299
12696
6101
12302
9439
44650
27133
43255
28331
8631
49315
9776
27509
24738
15321
40200
10906
20523
46413
17377
36043
4345
48344
1902
47300
3260
4812
46765
31105
1455
43510
2134
32846
46155
17631
3602
18838
18502
36363
48520
2940
43479
1042
46598
43565
45085
9621
41652
27237
14076
49333
38707
14651
19735
37518
45074
41602
21697
33096
28238
2773
10193
3656
14220
9015
32620
42510
21442
33118
1708
1837
23667
2466
21701
12272
28105
39051
31000
14471
28032
48789
24037
22973
26368
19409
10683
38571
22591
9865
25145
16219
46447
45378
45595
38990
19124
35032
26200
1348
4003
9898
23878
19766
37495
4361
35754
34041
20043
41875
3168
27228
6059
6313
9175
39152
27067
29289
39654
18846
14491
35154
4227
44697
9572
38365
41413
7699
15128
34936
24677
6363
39482
18535
24865
7161
47915
48477
4483
39564
10085
42341
37849
10215
4126
5236
47278
35579
6339
25206
37578
39868
2131
20627
4295
44181
38750
1002
49172
18433
4347
7469
23421
13504
6791
36494
30770
9533
7886
35309
20118
10764
16093
36260
6943
21994
23628
33352
3104
37761
21886
29139
24474
4285
12413
20789
39611
19053
35676
45892
16791
30220
29134
30460
46350
9714
2563
8826
4125
12150
6837
19560
34169
10030
37919
13507
22978
5039
47896
45541
4441
4944
3572
30132
4265
41782
14137
14646
44103
11630
6064
23332
25762
3031
6036
43613
8994
39567
25594
35445
9730
1086
30340
8804
5852
45516
35914
21412
37574
4795
23815
6265
37954
45306
36963
17880
14879
18950
47326
13013
8273
5251
18966
6748
5249
6536
16907
25270
3357
34174
28416
25984
9139
36855
45734
14624
41554
5087
38557
2331
28011
45784
18167
35442
27326
41560
3638
39052
48036
11319
1487
46525
48517
17792
1029
24705
7810
43220
45419
22244
10146
47338
41812
15542
49034
12159
23195
9260
3440
4107
16682
14161
26396
5508
11386
33916
36418
44528
28086
27769
34580
30066
21495
1170
1898
30101
4791
22430
15268
19992
29302
6176
3529
8505
4456
1458
49649
45826
23405
29100
35158
24903
2295
21457
21030
34143
2216
21113
46971
2725
6103
27546
1845
19330
15044
38685
23764
6047
11191
27673
4286
46066
6713
25457
1414
34582
15197
40136
12943
5781
5464
16032
34198
3809
48774
16472
1353
16312
4898
18312
23273
23424
23054
24672
3290
48898
5932
25845
8209
20084
1276
2464
1733
24949
2238
10516
2961
20965
27585
31254
8817
12285
46208
27857
17609
26953
34776
10881
22051
44994
38502
24539
41323
31090
43999
6221
13977
29644
46277
22808
26109
11007
20347
10490
6221
5747
7790
48676
24559
8972
30909
44927
14080
41834
4437
6875
18918
48093
49532
25500
9543
22096
43778
28027
27555
49096
5584
28270
43944
6598
35336
18259
27424
14626
23875
19106
13292
15293
21135
1108
7622
47410
25377
20709
21172
29340
19311
18849
17970
35023
7895
2804
4586
14531
24837
29368
7350
4056
4011
10535
1958
16784
39434
26891
15672
8558
32090
8439
48940
37447
21629
20205
19028
20172
46564
3114
20828
7836
41464
16504
27483
6103
48445
11455
33019
8909
3174
1586
14749
19964
46787
21419
1237
25058
18367
45064
15515
25772
8194
20808
16279
1155
8392
24246
9717
44404
5866
42967
6120
43829
34530
34561
9884
3937
33011
37226
7297
28683
27020
18154
9183
48474
8364
7083
1373
18185
41594
6542
27096
15843
47299
30350
47187
7287
5921
25912
19185
27377
30460
41965
28278
17977
27144
7894
49970
3594
41541
12101
10882
5635
10339
42995
10978
37057
25761
36498
8696
14868
27313
12210
1423
31023
6817
3758
6519
7701
46715
13721
2843
14534
33616
1416
21918
12231
35994
2047
8888
19872
42293
22432
40223
36482
37295
6430
37806
29730
17473
2182
28820
23823
28199
45089
4150
19577
33462
49418
18650
24168
32695
30781
22118
38156
30783
17955
7223
31031
40260
41780
7797
10590
8181
1696
8427
16629
29944
49040
16295
19225
6186
18591
22657
20450
17107
5668
12575
15472
12131
29886
19419
7390
30651
38738
10401
7661
8728
35469
5537
3722
18145
9756
10499
17410
2757
11911
18717
5777
22509
1184
6209
2003
3550
1030
24250
7075
42694
8468
16672
5791
36774
21573
6291
14474
28674
49870
19037
4386
19705
29901
30182
25580
8912
31959
13806
6704
7688
19077
28763
12645
18144
29919
18883
24840
20820
33043
17586
7719
35738
33879
1774
39472
14988
8507
28233
38694
19815
16121
29160
3392
16196
17331
22270
43846
1591
21632
20795
9825
5599
12260
19388
22380
21159
11912
10787
11451
5862
23607
17699
8863
39348
1660
24980
26660
9028
46210
29759
12795
35538
27691
32274
39316
49899
9173
10527
24184
10642
22160
1174
7250
17709
14325
11097
25881
18685
20538
27347
28235
23336
21899
35888
1025
8905
21309
32183
6448
3976
3397
21775
27133
2621
2898
45668
36408
4301
1299
36497
41257
7903
1875
47275
34972
1436
33208
49897
40564
23404
1041
5850
4580
9706
5291
22484
31329
33084
2463
36489
14771
13400
19695
6156
25685
21337
39536
26518
6253
46736
49940
29547
4449
38351
5664
22559
24019
15063
23755
11402
38043
18211
5625
25639
22451
4183
3279
31588
48836
7549
29490
26539
8594
4027
44043
19192
37913
4398
28296
19717
4361
48518
27688
11851
38533
30591
36232
40638
2489
23783
18478
42633
17141
1525
19850
1422
29484
24839
1236
2672
9370
12588
10630
43487
35096
14049
41288
46086
5623
39690
48721
28024
26789
27177
11212
16359
26676
37628
3691
48977
7056
17118
21833
6686
7776
7700
2621
48771
49672
23158
4794
5308
45687
6571
38794
5035
3376
24599
8136
2306
7794
12633
47204
19586
1701
36868
13969
3223
23205
4731
3557
29033
6395
43942
5788
21684
22247
16483
48559
28496
2092
26687
29332
34895
7705
9516
10928
11979
47110
15000
11073
22523
49398
19438
17623
19617
38485
10078
37168
45295
23715
33519
19704
16439
1208
4159
13103
15778
14198
28028
49571
11964
9486
3224
3459
12765
25230
1539
30708
13358
32601
2006
30358
27363
10932
21177
34965
31063
1182
19968
6925
15255
4793
5015
11582
10936
3634
27314
15388
43981
3748
13778
8462
7860
49957
22941
20433
32125
38309
34374
42043
5076
2722
4572
12820
16513
14588
17677
43471
43089
46265
9472
13001
3126
7165
2697
36970
20433
34383
25716
45538
13050
46403
9101
49925
7561
20672
1432
5999
38030
7186
8232
34354
24789
6705
3938
2288
18710
38943
44522
21942
5387
20232
18852
1794
9396
49030
18433
38351
1369
34543
19303
31260
39149
37109
13512
14924
27928
1820
47896
8851
15041
2354
36207
2002
49671
27836
15333
34317
15004
16012
29914
20698
21416
12014
22778
42845
7454
9925
21900
4038
8841
20692
27824
8171
43538
1559
8198
2796
2829
21169
13286
16562
11955
37138
49244
3835
48738
14399
6097
22152
15116
25746
20113
36518
7319
30864
7715
5320
12776
3341
13087
16765
7282
12446
5069
24497
21564
15923
10874
33082
27589
38391
28353
6729
27641
16077
15466
2138
14591
13068
2558
12139
38560
26293
3378
40514
3631
5413
35249
24989
13657
46751
49165
39291
7138
9940
9149
2392
45662
26124
45168
35043
29049
18816
39436
13704
26681
30001
21461
3952
32032
41570
27249
44571
4933
26199
20567
2337
18293
22688
7741
3794
35439
34586
44710
45076
24128
44055
47729
14948
24486
15650
16151
2805
18097
20090
20768
20722
7953
5055
29669
36755
31743
2730
13041
16778
16129
22780
30526
2027
1636
38470
45040
21717
32086
3693
8957
21693
3805
8862
7896
49958
8453
2545
17761
35064
36206
29373
29067
6561
4466
9697
3327
4484
5095
38458
3501
14137
13751
18756
3564
32321
48730
26218
9259
47739
22567
36004
29095
22944
1246
19404
7203
49655
47783
26463
33016
4157
11989
38435
43605
3860
3519
37462
13428
2675
49427
46679
47303
34437
33010
26515
44455
23155
5062
5712
14752
17252
45426
23663
45099
6753
8273
15685
2860
19334
9123
8083
2784
3642
41713
42527
11142
23313
24973
16481
14169
10533
16242
17901
40003
21388
44032
49631
41606
46780
14539
41917
1100
18265
12612
49138
17181
9455
19794
44383
26732
7047
41696
16238
7456
28956
12225
8198
38259
2179
39325
7984
34262
41386
43230
22379
44836
29232
8245
15293
9334
13451
45488
26140
15860
49470
8603
47634
22424
12806
39731
4586
31784
49762
37526
7357
6629
15280
24129
21711
20366
5865
11064
39851
23728
1653
26034
15498
14330
42686
44833
5711
4457
35411
1456
29068
5498
14663
29114
33211
49195
29214
44975
11420
26028
11010
39875
11770
39899
23626
2006
35518
28262
44014
36562
2817
15271
47868
1628
3608
16228
19367
6290
29353
19021
7550
49440
11523
3206
10687
12774
10653
28623
49582
30149
26020
40977
3824
33903
49926
34884
5568
46742
6562
45952
9706
26115
3426
6972
23192
2676
39751
23041
39851
10364
3517
20403
44217
37200
23212
13654
42550
17010
17397
1359
25839
47108
35334
27668
8971
6638
40247
3289
26483
36337
7716
18478
26872
19759
9552
9122
9420
14277
21485
44754
21181
7357
19728
8753
42300
8312
14044
33603
27653
18644
37868
44056
22884
16987
25111
9897
32478
25177
2346
1907
25464
18721
31402
37616
35894
8933
13918
17542
10197
42892
24797
15519
15098
42429
4766
6292
3135
28527
8425
16033
5194
6367
10031
7044
11576
33410
31008
5343
20106
36686
17099
2059
14735
36253
1564
4285
2190
27329
12369
13938
23061
32666
11906
27268
31259
17252
13222
16821
20356
12800
35250
18365
27133
24669
19991
49739
10505
6833
44976
20285
38774
8587
25601
18667
15996
36832
24889
40746
44400
10976
28298
37876
19647
16645
18590
46806
42306
47985
45240
2101
6770
7351
28842
7150
9684
5594
37534
42032
21056
34226
8382
49099
3474
43462
24172
7795
8180
42402
15331
23355
29110
9142
1116
28161
8020
26450
11023
48080
19562
40615
31218
10881
4452
18711
23823
16395
20725
43273
5333
10397
10421
9739
6445
49459
19129
9669
42466
32633
4074
24781
6530
23418
2123
5781
47580
11674
12355
8774
6093
6033
22234
32509
9623
35858
40265
8833
15871
13655
4287
36405
2423
9998
34985
20886
39378
41679
17695
32518
18737
25208
49721
37401
9793
10263
28493
44352
31160
14538
21302
1836
16375
38414
11277
5933
1281
29779
13056
22116
39878
4001
31950
48321
38421
1919
5066
36829
36196
16152
33118
2985
38750
5365
2702
4082
11481
20674
3549
11512
30624
32143
34667
44069
30602
32036
13491
8357
25959
41320
43372
8103
13481
25327
5907
49483
37284
5813
33723
10746
25623
48850
46571
3083
24272
9719
9287
5904
48260
34190
42128
32734
22765
20827
16630
13349
7156
43692
49000
29717
15723
42785
30394
18517
22161
3746
29658
6287
10417
25800
46344
46243
4055
11614
4187
45764
2628
8411
40299
17416
30745
9877
12549
8866
30509
11691
19378
15790
3886
34213
3908
29643
22201
11260
29476
19708
20926
4987
6114
5001
21768
35009
3820
23017
10990
36621
25104
3080
21136
1079
5944
7875
28785
16672
9631
48905
47746
44333
35149
5387
45581
4327
22487
28762
46476
20331
4812
35486
43115
7588
45594
3272
25733
36933
48159
36894
22046
23486
8144
38882
48644
21083
39114
9068
4330
29306
40825
10237
28155
25273
37184
19407
10310
15763
7923
4107
41434
36742
39973
48753
32185
29201
17222
23302
40105
49194
3018
22531
34265
47818
39096
28930
29951
22672
24219
21890
17405
32421
43276
30223
16438
9439
3517
29114
24409
3884
17605
5044
38389
40317
24634
25119
38533
45846
44475
4255
5815
4252
28270
39573
13440
2365
5520
24359
6526
29461
28678
3377
13409
8317
15224
2640
24857
45680
1887
25896
15292
24195
40324
41017
19504
18849
11257
4285
41999
24179
1939
15942
42766
34547
28486
8875
18284
24391
18548
33832
22479
16025
24311
22631
17294
49848
32272
30213
21788
10688
38014
25616
15433
12221
30002
8110
4042
27842
38258
22417
19757
4757
35390
36560
14691
21066
40947
5782
17381
32978
42976
44304
26371
4199
5054
32191
4810
2554
12359
40832
10967
5456
26972
24441
38442
1710
1471
34776
6654
4408
24411
31641
27821
46822
7629
17578
29802
25647
25432
26592
44201
11560
16678
9231
30877
35177
4769
38269
33819
22089
5097
25625
39932
1818
49990
25974
21070
1167
42517
4556
7035
15593
6330
5759
29788
20736
25225
35112
4634
6313
25740
42605
49485
38474
31873
2899
38045
48420
4307
15666
39071
6435
11389
33651
15174
15335
4298
5926
27081
34441
47567
44798
5536
48401
7955
2864
37265
9752
25581
41577
8549
4807
36212
8074
49964
3375
8445
13701
20817
16068
28549
5775
8363
38847
2861
9648
27175
43897
1391
36769
22560
35697
7062
7094
31170
23457
10821
36901
10818
25141
17922
7602
49517
23090
10349
41982
44008
31351
8737
26974
22051
1679
28334
9996
9056
6146
21243
6511
9457
5526
4936
27430
19411
4589
4101
29386
46676
3318
7682
1391
5690
46429
13253
2056
25339
21840
2683
27418
25210
14332
9567
34239
24139
4627
23157
34628
11328
49344
40262
40503
1074
18261
8742
18532
41403
43213
46864
9152
33232
25256
4886
9228
37335
37248
14678
1992
4747
17031
31759
44664
15767
12684
3096
10450
37112
36995
8968
28475
34017
29721
27666
19781
17667
21271
5430
9451
9421
48488
36522
8594
39922
19531
3993
37902
39888
3934
8865
29807
14675
13936
29632
5426
32099
10294
1504
47467
25564
46756
34604
15540
9145
23667
14152
28219
7944
1186
35243
34586
11990
5500
19016
22451
16479
23942
23034
24131
32307
16563
7516
32811
29039
28373
36306
48934
20455
11039
3803
18773
32071
35626
9030
4678
36646
12581
8110
35924
42310
25210
10877
37431
24983
19137
18395
7433
3417
44936
29837
4031
1945
8492
13837
9612
48587
32676
26611
1390
1143
16749
11543
3105
30971
31273
9285
9537
33185
4758
15691
20431
48425
3418
27278
33047
32238
27542
3544
8513
7714
17376
12071
10075
47087
4206
5741
33439
17183
21944
37265
8740
35597
6388
17798
14438
42106
4490
29480
9530
5699
22234
42529
6990
7505
46890
30748
6025
45295
20389
11214
7989
19306
22844
41427
24742
27993
6674
47070
13821
1972
33241
38737
13544
8939
24909
10579
34364
48117
6607
1241
42476
29244
4159
15763
1335
37298
23487
9151
47544
15047
2151
35693
5383
5379
43392
9628
39325
26864
47612
23660
22646
17069
4641
2037
42772
36892
40315
29847
3632
20815
8726
41141
4892
49923
19179
1569
22712
2486
42503
47310
40156
46646
28884
40395
8907
5721
20567
40180
3955
6996
34337
38384
12827
8865
35807
32070
20313
47806
10593
43247
49082
25679
1468
24529
23849
33924
40749
42077
10664
4607
33244
9417
24591
9330
4248
29450
7829
33353
42433
23081
40140
40830
18214
8748
6784
18056
24018
31930
27146
13366
14598
43209
9294
31426
23953
21283
44300
3449
45218
20905
20029
15501
28594
23867
41468
4214
33112
42292
4093
24099
9243
15745
42773
23252
1086
34340
46784
6345
21407
3888
38980
33487
25031
12418
8682
40565
5185
20868
9022
46997
32147
25448
25336
10740
47943
48104
14719
30873
9055
12987
9107
47586
20141
16789
17748
22503
13332
10818
12753
33117
28867
38234
15279
25303
41985
6079
42383
36133
9004
11219
2286
35666
3148
8373
17962
49723
32762
4126
33976
31337
18105
12206
44230
42292
38001
8664
37956
48379
11211
3410
17674
23274
5224
6373
25700
13885
42032
30894
13637
32006
10692
32215
7707
20571
43540
31623
36596
41811
16549
13542
49591
6115
36856
9732
47404
12504
45335
3603
39128
11401
9652
7110
37261
45124
5409
41944
34941
9983
38157
9564
43406
6310
9996
38475
38508
6403
41572
27983
5549
7583
34997
28967
4296
42954
3971
48540
25102
10152
22968
26384
13053
6570
9212
6984
47310
14431
45052
20398
23918
5389
3578
2808
41715
6973
2521
33334
47651
21335
1088
43977
7462
3635
1272
30012
2771
35521
48757
10164
47290
21741
12668
10287
8470
20289
9195
34685
10264
4305
4228
38168
3450
9986
27263
45284
10873
38219
39718
15426
25219
6150
37564
30705
44527
9400
3218
4616
42175
3720
5100
12118
13154
15927
2040
24231
6685
6117
13180
12944
3476
20982
14317
29651
3799
47276
6544
19843
19571
47009
49309
6044
28217
24895
12382
4793
27661
4060
15016
48102
8983
41175
8785
45098
1540
10277
11902
21101
4517
15800
34642
42892
13985
18053
7911
8560
25428
40004
26204
10121
23759
23575
9915
44550
11609
32796
49800
4717
24189
3067
17647
14362
45147
47896
2534
31383
22908
30426
7503
3706
41665
26933
12111
41585
6581
5768
23942
39561
5708
6087
8434
20813
24783
13107
16817
12102
26615
20626
40111
2136
7160
19206
49634
4175
46716
4170
26235
9261
16288
18218
47179
22919
9636
6055
6972
29898
38687
7680
2334
2928
1581
7735
23222
35529
1083
9294
20669
12741
9930
13820
16590
10269
46356
28566
42979
7141
24700
10699
19900
15212
41788
46655
28963
19589
9017
46104
9840
13436
4131
6498
5441
44068
34926
28898
16637
47360
9085
2109
4808
35074
26132
25093
37908
37800
12472
2243
41573
18125
29595
3513
29300
2950
14546
18104
40998
25219
28879
39964
42788
13761
30849
47755
7618
28117
8165
36381
7308
37588
18359
6915
14417
1868
12800
3929
22369
11398
25098
28754
20184
4572
42041
15642
25511
2595
6809
4621
33209
2033
5297
1710
10527
15866
27300
10088
6566
29692
39471
29033
33887
38564
7925
22606
20580
3351
4084
10006
6225
20421
6726
31458
29525
36535
49049
3057
27134
4252
9970
45004
10345
31545
3160
15694
13210
46088
46776
23533
47106
32849
12322
49564
28605
41664
3918
1625
17645
29368
18361
23523
19734
4875
37591
12730
26149
37875
6809
48351
43913
28788
25258
27967
29779
14733
18871
10048
6112
24070
8667
32650
22805
47653
40686
36612
9813
12266
43655
1929
6962
2485
19672
36979
47064
20492
17896
43335
46504
13958
15222
2519
6256
7098
9918
3768
5717
13027
46668
41117
38081
42785
12983
26857
21464
19653
4442
13392
26967
1968
32477
23449
6740
4936
1116
24568
27638
23797
45502
5548
7596
31468
17438
48590
5064
4334
20544
34703
25401
1201
4644
35736
1545
6031
19671
28189
6808
2698
3314
18905
14657
31199
8999
25510
45416
8892
28648
4617
12062
13374
41674
12331
47880
23202
6617
8297
38655
8367
9326
6959
15989
9992
28560
12710
28239
22862
34180
36420
46871
21996
15634
28958
8478
8071
18375
41203
38315
12861
4665
4215
24631
5860
25510
27382
1201
25438
11332
2707
25887
38578
19302
3070
4090
23148
6074
17229
3624
14518
28766
41524
38040
5961
10211
42525
37804
2818
2493
45164
47215
35073
27131
40957
48315
25609
1080
30533
22154
27700
29618
6280
15121
6059
30003
3045
22032
13897
16385
47850
18955
21039
49734
7603
36857
4572
10809
5565
9032
36043
19993
12313
33161
37635
37728
6633
1430
21209
15204
24738
36371
1840
38122
29272
29634
14503
31828
15569
7689
11917
2236
9455
43839
49845
37360
2923
8635
28701
3811
13981
19940
32469
13197
35873
33187
21286
4755
6493
7842
25674
16205
41867
40490
8003
12988
7842
19211
4198
19307
7451
7639
6423
2154
4002
40345
46987
9304
5401
4762
2215
30825
25953
29659
8346
26540
10327
11798
9289
6067
3422
18355
48987
6535
9051
46499
49780
7870
17966
5026
5964
30864
4913
28549
43076
9099
32718
19909
4220
33124
24743
3333
29444
15660
4048
2847
8536
19171
4183
29550
1604
40846
3855
37558
6214
18169
23100
45313
49733
18884
3470
31965
32617
14237
46665
17791
13205
14024
25186
38422
15189
32935
44077
43440
46039
28458
43271
39341
3859
47718
43532
17180
24710
28402
36562
4300
18163
14313
34753
24601
8634
46069
21688
24487
27448
21678
20662
45865
34909
14140
31158
33627
37387
27200
3525
21164
28273
41503
8636
6278
48245
49216
19918
8768
20174
5980
19514
36183
14720
1201
43505
22803
47766
39763
30997
17118
2465
38307
30967
23354
36464
30790
37338
43292
40765
48112
23470
8649
48472
3631
23937
17216
1162
18726
26791
22924
2565
14203
7000
48376
15789
5703
1528
21558
4193
9032
35738
20227
45052
8357
49549
10208
26121
20242
43283
4360
12571
4013
45385
33517
35911
7520
19183
45384
4046
29622
43953
6018
46030
36242
24684
25220
31469
35814
36415
9999
1027
8199
26270
21877
21999
37211
2873
17644
48196
1369
29679
9456
29457
18114
16795
9395
6827
25328
8067
32081
25030
4136
4688
1034
29523
15291
42632
15590
10360
8884
27459
34904
7505
2438
22721
25480
15208
36819
32708
39527
19129
32504
29944
2942
47059
5669
20804
29861
22285
23900
1698
2162
7798
9681
13261
35228
28314
6722
4906
20512
28610
1258
18904
6822
1751
30506
7373
11220
30679
36086
36919
38486
30465
27307
7282
19238
6249
31077
26589
12011
14431
28513
49961
25823
36051
36424
33503
28693
23376
15208
18480
14614
24155
11459
31297
13803
7736
2243
7218
17673
45888
39441
3887
10787
36968
20864
11124
31074
3020
1326
28358
24775
37286
32889
29516
15030
17404
35332
18932
43850
35277
12037
36994
7120
23141
1494
43489
2760
1877
29393
21831
8750
9704
18962
18147
2740
41974
3727
5719
10551
3405
6261
12693
48288
24889
31835
28514
44637
10037
47583
29435
14654
2864
19778
38685
16328
38139
11944
35978
8169
45437
33888
1674
14212
35734
1541
7993
5127
15545
10350
37320
46746
29458
1257
24807
4844
44110
5578
4256
13530
31135
1075
8256
49774
3630
10768
14631
28544
25454
28836
23877
29971
16265
37114
42749
7142
46260
40727
3467
21102
3366
45018
18982
38899
1764
26735
19859
26307
5601
47825
22097
12665
12282
4676
12395
42941
28171
10614
38104
46842
48153
35620
41876
23610
25728
5866
11737
46464
4636
9389
16733
43976
18330
7745
31551
12860
19255
4700
41318
33778
27715
11824
19196
7356
46158
38669
43763
8361
13949
8343
17374
11894
6556
28243
32400
7309
4566
15891
4082
40955
44135
40770
35286
19731
23218
16112
9210
17050
24050
10936
2109
12498
9508
4966
8911
22675
1687
26918
5291
14703
25726
12690
22161
20604
6931
47244
9385
19298
23539
30522
14533
22338
30399
41231
17395
29763
47928
23602
43718
41145
31035
3565
8798
18466
46604
16845
7933
8407
21788
19803
46573
1875
3416
27393
14272
6910
11015
2620
32301
38454
4591
18583
23980
16765
38191
8587
44417
36028
26618
41806
47576
46591
4175
2352
4929
47614
37304
12217
41231
37427
33430
37558
35380
