39860
30458
38137
6489
5058
2864
6914
20620
14393
9242
5455
30037
47217
28728
22459
26446
24010
25948
14328
7953
6027
44757
40802
24463
46943
14417
7701
14461
16828
24221
7268
11461
31493
21140
35334
5579
23591
32869
17850
27781
19724
46634
31466
12396
6888
16667
11657
18798
7882
19886
40361
22132
22028
37447
12960
6325
44867
7571
44279
9239
21104
49396
11088
45893
11469
1381
23773
33165
5358
27498
6261
35254
33862
6176
35282
8326
4148
31474
48549
35438
34990
25118
45893
24386
27179
16857
49148
41873
27803
43217
28604
2030
39768
22913
9845
39109
24369
31688
9257
1511
2671
6159
1275
19593
6471
35486
9343
18508
10356
23769
38882
26551
23507
38641
30083
3301
47850
24147
2010
20796
27305
8586
5397
20685
28456
24119
15042
6827
7691
27611
4182
9980
3911
9255
44376
38370
48821
25026
16379
5822
16200
28803
49865
29300
32750
2792
29616
43135
46525
28235
24674
2382
42698
44556
18705
21337
11183
46839
31693
28538
47522
39657
29982
26144
9226
32844
36906
39067
17296
28305
11166
12783
9424
42446
10281
21172
3868
26894
40367
33595
23625
46497
20155
16650
3012
2912
5404
25949
9278
23667
1095
24796
4415
3903
34393
17018
2980
10122
30766
19062
46621
44532
25831
44587
14349
10276
1072
38115
35660
42069
26029
6852
16268
44888
6027
10123
14181
5649
6664
5912
33829
48988
1433
26905
9668
41952
32485
14506
7055
13031
3371
27560
29125
1259
5814
20752
46717
44414
31323
28372
46057
10270
23241
7284
46110
7770
9614
22297
6952
24124
29126
9313
15184
8637
37704
8276
2033
25183
30844
37184
15445
21867
5623
18941
2252
20426
48381
12930
33076
12399
23060
29891
30337
22380
47958
3962
40513
47995
20744
39939
29962
31945
3246
46822
12389
7994
23096
12747
2644
15350
37147
11258
45272
5119
5448
6403
33013
13342
10991
3414
2325
28142
27680
5567
26137
34491
24081
25447
14765
11827
12839
25058
4499
30255
1884
45779
7205
33978
7288
46520
3576
42707
4873
38480
15475
17534
31638
13422
33400
31890
6814
12086
2267
32373
10701
27877
8006
2497
45256
13628
9878
36637
29251
47391
16586
27827
5989
33796
1733
1461
39814
3849
2050
18062
16225
29783
9582
29252
27844
3139
35186
35791
12700
20504
16851
25470
35458
37216
18150
11962
44225
1538
6661
13210
2069
11559
11219
9572
6364
8198
44843
31038
11477
12453
43752
39984
10648
23784
22152
31852
32829
38225
38385
40101
42798
33766
42804
22797
38282
3576
26485
20179
5775
35558
38696
8259
20007
3329
28565
8815
22139
21897
27599
17696
11684
16414
23344
1976
13705
16902
18702
49101
38569
48825
41609
40715
7297
37470
9478
11829
37525
22350
31072
2897
46264
31398
14570
9909
31271
21608
1436
40446
17193
35544
47495
43148
4403
27476
9091
2577
36777
24339
16438
3365
42718
43783
9405
16974
7628
47305
46712
21230
15203
31278
9638
5226
39138
15905
22006
19326
13030
1895
27456
31654
37584
16127
47135
27068
15501
17968
3096
28162
26358
2001
16668
30777
31264
13296
48465
3160
8905
36857
11145
11836
36022
4594
8316
2958
11424
1944
41549
49736
15225
3169
26960
40028
5713
27840
19073
16640
39541
32808
26177
26046
5608
23434
6941
11074
17678
44026
45100
5394
48432
8022
19453
12292
8066
46629
1750
20241
34915
6398
3059
49873
28384
10130
26983
39250
2631
14978
46713
7990
33464
11352
49047
6113
3014
18104
5439
34374
5036
6453
49463
11624
32394
42547
12057
16844
18726
6156
6164
7410
39412
49007
15725
17994
14249
29798
8479
14902
2991
7443
19063
29700
47714
15845
1028
2490
8881
20594
3695
6626
48036
3371
21642
14119
20507
46571
12888
36452
17481
44175
24509
1192
12679
4121
26381
9315
12564
2619
35905
5923
38627
25585
47318
8406
40412
18581
7405
1987
21795
12108
7895
13172
21948
20656
45495
16402
11934
4855
2193
49872
34365
45653
5505
24175
24315
4647
8860
1360
6438
27864
4164
38644
22990
13989
27693
16249
11564
2690
39806
18814
14900
42900
5973
1849
23433
13128
6429
23245
17658
7957
24483
33836
1255
9037
27097
7731
48250
28623
27864
15020
2590
40031
17165
34077
1734
37370
43553
21701
17597
44797
8795
16519
6458
41361
16082
47460
3849
11018
34234
45983
48143
15315
36509
28966
5807
33074
6051
39539
43379
11455
7316
32828
38988
48898
45425
19385
3984
16403
28612
30658
27921
35172
23519
18425
30047
9402
35212
3088
3218
9779
21602
34764
28178
7975
31914
33246
6773
19949
22284
12319
7363
42833
26536
38487
37180
28370
3409
2162
24370
1690
23801
9832
3350
36936
6856
34694
2953
2998
17080
16942
5110
17089
9919
44299
21251
24370
23917
6245
40450
36676
33506
9888
27963
40649
27763
13075
21889
8107
25407
26241
31492
9670
8872
36845
18907
15457
34996
9838
2480
10280
8616
1978
7434
4411
9251
13217
45364
1882
1361
33378
38920
3365
9868
29856
16732
18968
13421
8927
14992
46265
8592
2156
24966
28545
32092
14950
8744
4131
